Reservation {
Confirmation Number: tLpynM
Flight  Departure Date: 0  Arrival Date5.116666666666667  Flight ID: 5166  Airline: UA  Number: 182  Origin: Chicago O'Hare International Airport, Chicago (ORD)  Destination: Lester B. Pearson International Airport, Toronto (YYZ)  Departure Time: 2020-05-28 11:35:00  Arrival Time: 2020-05-28 13:07:00  Booked Seats: 0,00,10,20,30,40,51,01,11,21,31,41,52,02,12,22,32,42,53,03,13,23,33,43,54,04,14,24,34,44,55,05,15,25,35,45,56,06,16,26,36,46,57,07,17,27,37,47,58,08,18,28,38,48,59,09,19,29,39,49,510,010,110,210,310,410,511,011,111,211,311,411,512,012,112,212,312,412,513,013,113,213,313,413,514,014,114,214,314,414,515,015,115,215,315,415,516,016,116,216,316,416,517,017,117,217,317,417,518,018,118,218,318,418,519,019,119,219,319,419,520,020,120,220,320,420,521,021,121,221,321,421,522,022,122,222,322,422,523,023,123,223,323,423,524,024,124,224,324,424,525,025,125,225,325,425,526,026,126,226,326,426,527,027,127,227,327,427,528,028,128,228,328,428,529,029,129,229,329,429,530,030,130,230,330,430,531,031,131,231,331,431,532,032,132,232,332,432,533,033,133,233,333,433,534,034,134,234,334,434,535,035,135,235,335,435,536,036,136,236,336,436,537,037,137,237,337,437,5Passenger  First Name: a  Last Name: a  Seats: ['15A']}

Reservation {
Confirmation Number: b7W77e
Flight  Departure Date: 0  Arrival Date1.4166666666666667  Flight ID: 15471  Airline: UA  Number: 111  Origin: San Francisco International Airport, San Francisco (SFO)  Destination: Los Angeles International Airport, Los Angeles (LAX)  Departure Time: 2020-05-28 13:00:00  Arrival Time: 2020-05-28 14:25:00  Booked Seats: 0,00,10,20,30,40,51,01,11,21,31,41,52,02,12,22,32,42,53,03,13,23,33,43,54,04,14,24,34,44,55,05,15,25,35,45,56,06,16,26,36,46,57,07,17,27,37,47,58,08,18,28,38,48,59,09,19,29,39,49,510,010,110,210,310,410,511,011,111,211,311,411,512,012,112,212,312,412,513,013,113,213,313,413,514,014,114,214,314,414,515,015,115,215,315,415,516,016,116,216,316,416,517,017,117,217,317,417,518,018,118,218,318,418,519,019,119,219,319,419,520,020,120,220,320,420,521,021,121,221,321,421,522,022,122,222,322,422,523,023,123,223,323,423,524,024,124,224,324,424,525,025,125,225,325,425,526,026,126,226,326,426,527,027,127,227,327,427,528,028,128,228,328,428,529,029,129,229,329,429,530,030,130,230,330,430,531,031,131,231,331,431,532,032,132,232,332,432,533,033,133,233,333,433,534,034,134,234,334,434,535,035,135,235,335,435,536,036,136,236,336,436,537,037,137,237,337,437,5
Flight  Departure Date: 6.416666666666667  Arrival Date11.5  Flight ID: 10877  Airline: UA  Number: 106  Origin: Los Angeles International Airport, Los Angeles (LAX)  Destination: Chicago O'Hare International Airport, Chicago (ORD)  Departure Time: 2020-05-28 15:30:00  Arrival Time: 2020-05-28 19:30:00  Booked Seats: 0,00,10,20,30,40,51,01,11,21,31,41,52,02,12,22,32,42,53,03,13,23,33,43,54,04,14,24,34,44,55,05,15,25,35,45,56,06,16,26,36,46,57,07,17,27,37,47,58,08,18,28,38,48,59,09,19,29,39,49,510,010,110,210,310,410,511,011,111,211,311,411,512,012,112,212,312,412,513,013,113,213,313,413,514,014,114,214,314,414,515,015,115,215,315,415,516,016,116,216,316,416,517,017,117,217,317,417,518,018,118,218,318,418,519,019,119,219,319,419,520,020,120,220,320,420,521,021,121,221,321,421,522,022,122,222,322,422,523,023,123,223,323,423,524,024,124,224,324,424,525,025,125,225,325,425,526,026,126,226,326,426,527,027,127,227,327,427,528,028,128,228,328,428,529,029,129,229,329,429,530,030,130,230,330,430,531,031,131,231,331,431,532,032,132,232,332,432,533,033,133,233,333,433,534,034,134,234,334,434,535,035,135,235,335,435,536,036,136,236,336,436,537,037,137,237,337,437,5
Passenger  First Name: A  Last Name: A  Seats: ['1A', '1A']
}

Reservation {
Confirmation Number: b7W77e
Flight  Departure Date: 0  Arrival Date1.4166666666666667  Flight ID: 15471  Airline: UA  Number: 111  Origin: San Francisco International Airport, San Francisco (SFO)  Destination: Los Angeles International Airport, Los Angeles (LAX)  Departure Time: 2020-05-28 13:00:00  Arrival Time: 2020-05-28 14:25:00  Booked Seats: 0,00,10,20,30,40,51,01,11,21,31,41,52,02,12,22,32,42,53,03,13,23,33,43,54,04,14,24,34,44,55,05,15,25,35,45,56,06,16,26,36,46,57,07,17,27,37,47,58,08,18,28,38,48,59,09,19,29,39,49,510,010,110,210,310,410,511,011,111,211,311,411,512,012,112,212,312,412,513,013,113,213,313,413,514,014,114,214,314,414,515,015,115,215,315,415,516,016,116,216,316,416,517,017,117,217,317,417,518,018,118,218,318,418,519,019,119,219,319,419,520,020,120,220,320,420,521,021,121,221,321,421,522,022,122,222,322,422,523,023,123,223,323,423,524,024,124,224,324,424,525,025,125,225,325,425,526,026,126,226,326,426,527,027,127,227,327,427,528,028,128,228,328,428,529,029,129,229,329,429,530,030,130,230,330,430,531,031,131,231,331,431,532,032,132,232,332,432,533,033,133,233,333,433,534,034,134,234,334,434,535,035,135,235,335,435,536,036,136,236,336,436,537,037,137,237,337,437,5
Flight  Departure Date: 6.416666666666667  Arrival Date11.5  Flight ID: 10877  Airline: UA  Number: 106  Origin: Los Angeles International Airport, Los Angeles (LAX)  Destination: Chicago O'Hare International Airport, Chicago (ORD)  Departure Time: 2020-05-28 15:30:00  Arrival Time: 2020-05-28 19:30:00  Booked Seats: 0,00,10,20,30,40,51,01,11,21,31,41,52,02,12,22,32,42,53,03,13,23,33,43,54,04,14,24,34,44,55,05,15,25,35,45,56,06,16,26,36,46,57,07,17,27,37,47,58,08,18,28,38,48,59,09,19,29,39,49,510,010,110,210,310,410,511,011,111,211,311,411,512,012,112,212,312,412,513,013,113,213,313,413,514,014,114,214,314,414,515,015,115,215,315,415,516,016,116,216,316,416,517,017,117,217,317,417,518,018,118,218,318,418,519,019,119,219,319,419,520,020,120,220,320,420,521,021,121,221,321,421,522,022,122,222,322,422,523,023,123,223,323,423,524,024,124,224,324,424,525,025,125,225,325,425,526,026,126,226,326,426,527,027,127,227,327,427,528,028,128,228,328,428,529,029,129,229,329,429,530,030,130,230,330,430,531,031,131,231,331,431,532,032,132,232,332,432,533,033,133,233,333,433,534,034,134,234,334,434,535,035,135,235,335,435,536,036,136,236,336,436,537,037,137,237,337,437,5
Passenger  First Name: A  Last Name: A  Seats: ['1A', '1A']
}

Reservation {
Confirmation Number: JKk5j9
Flight  Departure Date: 0  Arrival Date1.4166666666666667  Flight ID: 15471  Airline: UA  Number: 111  Origin: San Francisco International Airport, San Francisco (SFO)  Destination: Los Angeles International Airport, Los Angeles (LAX)  Departure Time: 2020-05-28 13:00:00  Arrival Time: 2020-05-28 14:25:00  Booked Seats: 0,00,10,20,30,40,51,01,11,21,31,41,52,02,12,22,32,42,53,03,13,23,33,43,54,04,14,24,34,44,55,05,15,25,35,45,56,06,16,26,36,46,57,07,17,27,37,47,58,08,18,28,38,48,59,09,19,29,39,49,510,010,110,210,310,410,511,011,111,211,311,411,512,012,112,212,312,412,513,013,113,213,313,413,514,014,114,214,314,414,515,015,115,215,315,415,516,016,116,216,316,416,517,017,117,217,317,417,518,018,118,218,318,418,519,019,119,219,319,419,520,020,120,220,320,420,521,021,121,221,321,421,522,022,122,222,322,422,523,023,123,223,323,423,524,024,124,224,324,424,525,025,125,225,325,425,526,026,126,226,326,426,527,027,127,227,327,427,528,028,128,228,328,428,529,029,129,229,329,429,530,030,130,230,330,430,531,031,131,231,331,431,532,032,132,232,332,432,533,033,133,233,333,433,534,034,134,234,334,434,535,035,135,235,335,435,536,036,136,236,336,436,537,037,137,237,337,437,5
Flight  Departure Date: 6.416666666666667  Arrival Date11.5  Flight ID: 10877  Airline: UA  Number: 106  Origin: Los Angeles International Airport, Los Angeles (LAX)  Destination: Chicago O'Hare International Airport, Chicago (ORD)  Departure Time: 2020-05-28 15:30:00  Arrival Time: 2020-05-28 19:30:00  Booked Seats: 0,00,10,20,30,40,51,01,11,21,31,41,52,02,12,22,32,42,53,03,13,23,33,43,54,04,14,24,34,44,55,05,15,25,35,45,56,06,16,26,36,46,57,07,17,27,37,47,58,08,18,28,38,48,59,09,19,29,39,49,510,010,110,210,310,410,511,011,111,211,311,411,512,012,112,212,312,412,513,013,113,213,313,413,514,014,114,214,314,414,515,015,115,215,315,415,516,016,116,216,316,416,517,017,117,217,317,417,518,018,118,218,318,418,519,019,119,219,319,419,520,020,120,220,320,420,521,021,121,221,321,421,522,022,122,222,322,422,523,023,123,223,323,423,524,024,124,224,324,424,525,025,125,225,325,425,526,026,126,226,326,426,527,027,127,227,327,427,528,028,128,228,328,428,529,029,129,229,329,429,530,030,130,230,330,430,531,031,131,231,331,431,532,032,132,232,332,432,533,033,133,233,333,433,534,034,134,234,334,434,535,035,135,235,335,435,536,036,136,236,336,436,537,037,137,237,337,437,5
Passenger  First Name: A  Last Name: A  Seats: ['1A', '1A']
}

Reservation {
Confirmation Number: BEhWSv
Flight  Departure Date: 0  Arrival Date1.75  Flight ID: 4655  Airline: UA  Number: 7293  Origin: Chicago O'Hare International Airport, Chicago (ORD)  Destination: Harrisburg International Airport, Harrisburg (MDT)  Departure Time: 2020-05-28 11:00:00  Arrival Time: 2020-05-28 12:45:00  Booked Seats: 0,00,10,20,30,40,51,01,11,21,31,41,52,02,12,22,32,42,53,03,13,23,33,43,54,04,14,24,34,44,55,05,15,25,35,45,56,06,16,26,36,46,57,07,17,27,37,47,58,08,18,28,38,48,59,09,19,29,39,49,510,010,110,210,310,410,511,011,111,211,311,411,512,012,112,212,312,412,513,013,113,213,313,413,514,014,114,214,314,414,515,015,115,215,315,415,516,016,116,216,316,416,517,017,117,217,317,417,518,018,118,218,318,418,519,019,119,219,319,419,520,020,120,220,320,420,521,021,121,221,321,421,522,022,122,222,322,422,523,023,123,223,323,423,524,024,124,224,324,424,525,025,125,225,325,425,526,026,126,226,326,426,527,027,127,227,327,427,528,028,128,228,328,428,529,029,129,229,329,429,530,030,130,230,330,430,531,031,131,231,331,431,532,032,132,232,332,432,533,033,133,233,333,433,534,034,134,234,334,434,535,035,135,235,335,435,536,036,136,236,336,436,537,037,137,237,337,437,5
Flight  Departure Date: 4.75  Arrival Date5.55  Flight ID: 8725  Airline: UA  Number: 7936  Origin: Harrisburg International Airport, Harrisburg (MDT)  Destination: Washington Dulles International Airport, Washington (IAD)  Departure Time: 2020-05-28 14:15:00  Arrival Time: 2020-05-28 15:03:00  Booked Seats: 0,00,10,20,30,40,51,01,11,21,31,41,52,02,12,22,32,42,53,03,13,23,33,43,54,04,14,24,34,44,55,05,15,25,35,45,56,06,16,26,36,46,57,07,17,27,37,47,58,08,18,28,38,48,59,09,19,29,39,49,510,010,110,210,310,410,511,011,111,211,311,411,512,012,112,212,312,412,513,013,113,213,313,413,514,014,114,214,314,414,515,015,115,215,315,415,516,016,116,216,316,416,517,017,117,217,317,417,518,018,118,218,318,418,519,019,119,219,319,419,520,020,120,220,320,420,521,021,121,221,321,421,522,022,122,222,322,422,523,023,123,223,323,423,524,024,124,224,324,424,525,025,125,225,325,425,526,026,126,226,326,426,527,027,127,227,327,427,528,028,128,228,328,428,529,029,129,229,329,429,530,030,130,230,330,430,531,031,131,231,331,431,532,032,132,232,332,432,533,033,133,233,333,433,534,034,134,234,334,434,535,035,135,235,335,435,536,036,136,236,336,436,537,037,137,237,337,437,5
Flight  Departure Date: 7.05  Arrival Date19.333333333333332  Flight ID: 18813  Airline: LH  Number: 417  Origin: Washington Dulles International Airport, Washington (IAD)  Destination: Frankfurt am Main Airport, Frankfurt am Main (FRA)  Departure Time: 2020-05-28 19:20:00  Arrival Time: 2020-05-29 03:20:00  Booked Seats: 0,00,10,20,30,40,51,01,11,21,31,41,52,02,12,22,32,42,53,03,13,23,33,43,54,04,14,24,34,44,55,05,15,25,35,45,56,06,16,26,36,46,57,07,17,27,37,47,58,08,18,28,38,48,59,09,19,29,39,49,510,010,110,210,310,410,511,011,111,211,311,411,512,012,112,212,312,412,513,013,113,213,313,413,514,014,114,214,314,414,515,015,115,215,315,415,516,016,116,216,316,416,517,017,117,217,317,417,518,018,118,218,318,418,519,019,119,219,319,419,520,020,120,220,320,420,521,021,121,221,321,421,522,022,122,222,322,422,523,023,123,223,323,423,524,024,124,224,324,424,525,025,125,225,325,425,526,026,126,226,326,426,527,027,127,227,327,427,528,028,128,228,328,428,529,029,129,229,329,429,530,030,130,230,330,430,531,031,131,231,331,431,532,032,132,232,332,432,533,033,133,233,333,433,534,034,134,234,334,434,535,035,135,235,335,435,536,036,136,236,336,436,537,037,137,237,337,437,5
Passenger  First Name: f  Last Name: f  Seats: ['8A', '15A', '17A']
}

Reservation {
Confirmation Number: BEhWSv
Flight  Departure Date: 0  Arrival Date1.75  Flight ID: 4655  Airline: UA  Number: 7293  Origin: Chicago O'Hare International Airport, Chicago (ORD)  Destination: Harrisburg International Airport, Harrisburg (MDT)  Departure Time: 2020-05-28 11:00:00  Arrival Time: 2020-05-28 12:45:00  Booked Seats: 0,00,10,20,30,40,51,01,11,21,31,41,52,02,12,22,32,42,53,03,13,23,33,43,54,04,14,24,34,44,55,05,15,25,35,45,56,06,16,26,36,46,57,07,17,27,37,47,58,08,18,28,38,48,59,09,19,29,39,49,510,010,110,210,310,410,511,011,111,211,311,411,512,012,112,212,312,412,513,013,113,213,313,413,514,014,114,214,314,414,515,015,115,215,315,415,516,016,116,216,316,416,517,017,117,217,317,417,518,018,118,218,318,418,519,019,119,219,319,419,520,020,120,220,320,420,521,021,121,221,321,421,522,022,122,222,322,422,523,023,123,223,323,423,524,024,124,224,324,424,525,025,125,225,325,425,526,026,126,226,326,426,527,027,127,227,327,427,528,028,128,228,328,428,529,029,129,229,329,429,530,030,130,230,330,430,531,031,131,231,331,431,532,032,132,232,332,432,533,033,133,233,333,433,534,034,134,234,334,434,535,035,135,235,335,435,536,036,136,236,336,436,537,037,137,237,337,437,5
Flight  Departure Date: 4.75  Arrival Date5.55  Flight ID: 8725  Airline: UA  Number: 7936  Origin: Harrisburg International Airport, Harrisburg (MDT)  Destination: Washington Dulles International Airport, Washington (IAD)  Departure Time: 2020-05-28 14:15:00  Arrival Time: 2020-05-28 15:03:00  Booked Seats: 0,00,10,20,30,40,51,01,11,21,31,41,52,02,12,22,32,42,53,03,13,23,33,43,54,04,14,24,34,44,55,05,15,25,35,45,56,06,16,26,36,46,57,07,17,27,37,47,58,08,18,28,38,48,59,09,19,29,39,49,510,010,110,210,310,410,511,011,111,211,311,411,512,012,112,212,312,412,513,013,113,213,313,413,514,014,114,214,314,414,515,015,115,215,315,415,516,016,116,216,316,416,517,017,117,217,317,417,518,018,118,218,318,418,519,019,119,219,319,419,520,020,120,220,320,420,521,021,121,221,321,421,522,022,122,222,322,422,523,023,123,223,323,423,524,024,124,224,324,424,525,025,125,225,325,425,526,026,126,226,326,426,527,027,127,227,327,427,528,028,128,228,328,428,529,029,129,229,329,429,530,030,130,230,330,430,531,031,131,231,331,431,532,032,132,232,332,432,533,033,133,233,333,433,534,034,134,234,334,434,535,035,135,235,335,435,536,036,136,236,336,436,537,037,137,237,337,437,5
Flight  Departure Date: 7.05  Arrival Date19.333333333333332  Flight ID: 18813  Airline: LH  Number: 417  Origin: Washington Dulles International Airport, Washington (IAD)  Destination: Frankfurt am Main Airport, Frankfurt am Main (FRA)  Departure Time: 2020-05-28 19:20:00  Arrival Time: 2020-05-29 03:20:00  Booked Seats: 0,00,10,20,30,40,51,01,11,21,31,41,52,02,12,22,32,42,53,03,13,23,33,43,54,04,14,24,34,44,55,05,15,25,35,45,56,06,16,26,36,46,57,07,17,27,37,47,58,08,18,28,38,48,59,09,19,29,39,49,510,010,110,210,310,410,511,011,111,211,311,411,512,012,112,212,312,412,513,013,113,213,313,413,514,014,114,214,314,414,515,015,115,215,315,415,516,016,116,216,316,416,517,017,117,217,317,417,518,018,118,218,318,418,519,019,119,219,319,419,520,020,120,220,320,420,521,021,121,221,321,421,522,022,122,222,322,422,523,023,123,223,323,423,524,024,124,224,324,424,525,025,125,225,325,425,526,026,126,226,326,426,527,027,127,227,327,427,528,028,128,228,328,428,529,029,129,229,329,429,530,030,130,230,330,430,531,031,131,231,331,431,532,032,132,232,332,432,533,033,133,233,333,433,534,034,134,234,334,434,535,035,135,235,335,435,536,036,136,236,336,436,537,037,137,237,337,437,5
Passenger  First Name: f  Last Name: f  Seats: ['8A', '15A', '17A']
}

Reservation {
Confirmation Number: w0zjDC
Flight  Departure Date: 0  Arrival Date1.75  Flight ID: 4655  Airline: UA  Number: 7293  Origin: Chicago O'Hare International Airport, Chicago (ORD)  Destination: Harrisburg International Airport, Harrisburg (MDT)  Departure Time: 2020-05-28 11:00:00  Arrival Time: 2020-05-28 12:45:00  Booked Seats: 0,00,10,20,30,40,51,01,11,21,31,41,52,02,12,22,32,42,53,03,13,23,33,43,54,04,14,24,34,44,55,05,15,25,35,45,56,06,16,26,36,46,57,07,17,27,37,47,58,08,18,28,38,48,59,09,19,29,39,49,510,010,110,210,310,410,511,011,111,211,311,411,512,012,112,212,312,412,513,013,113,213,313,413,514,014,114,214,314,414,515,015,115,215,315,415,516,016,116,216,316,416,517,017,117,217,317,417,518,018,118,218,318,418,519,019,119,219,319,419,520,020,120,220,320,420,521,021,121,221,321,421,522,022,122,222,322,422,523,023,123,223,323,423,524,024,124,224,324,424,525,025,125,225,325,425,526,026,126,226,326,426,527,027,127,227,327,427,528,028,128,228,328,428,529,029,129,229,329,429,530,030,130,230,330,430,531,031,131,231,331,431,532,032,132,232,332,432,533,033,133,233,333,433,534,034,134,234,334,434,535,035,135,235,335,435,536,036,136,236,336,436,537,037,137,237,337,437,5
Flight  Departure Date: 4.75  Arrival Date5.55  Flight ID: 8725  Airline: UA  Number: 7936  Origin: Harrisburg International Airport, Harrisburg (MDT)  Destination: Washington Dulles International Airport, Washington (IAD)  Departure Time: 2020-05-28 14:15:00  Arrival Time: 2020-05-28 15:03:00  Booked Seats: 0,00,10,20,30,40,51,01,11,21,31,41,52,02,12,22,32,42,53,03,13,23,33,43,54,04,14,24,34,44,55,05,15,25,35,45,56,06,16,26,36,46,57,07,17,27,37,47,58,08,18,28,38,48,59,09,19,29,39,49,510,010,110,210,310,410,511,011,111,211,311,411,512,012,112,212,312,412,513,013,113,213,313,413,514,014,114,214,314,414,515,015,115,215,315,415,516,016,116,216,316,416,517,017,117,217,317,417,518,018,118,218,318,418,519,019,119,219,319,419,520,020,120,220,320,420,521,021,121,221,321,421,522,022,122,222,322,422,523,023,123,223,323,423,524,024,124,224,324,424,525,025,125,225,325,425,526,026,126,226,326,426,527,027,127,227,327,427,528,028,128,228,328,428,529,029,129,229,329,429,530,030,130,230,330,430,531,031,131,231,331,431,532,032,132,232,332,432,533,033,133,233,333,433,534,034,134,234,334,434,535,035,135,235,335,435,536,036,136,236,336,436,537,037,137,237,337,437,5
Flight  Departure Date: 7.05  Arrival Date19.333333333333332  Flight ID: 18813  Airline: LH  Number: 417  Origin: Washington Dulles International Airport, Washington (IAD)  Destination: Frankfurt am Main Airport, Frankfurt am Main (FRA)  Departure Time: 2020-05-28 19:20:00  Arrival Time: 2020-05-29 03:20:00  Booked Seats: 0,00,10,20,30,40,51,01,11,21,31,41,52,02,12,22,32,42,53,03,13,23,33,43,54,04,14,24,34,44,55,05,15,25,35,45,56,06,16,26,36,46,57,07,17,27,37,47,58,08,18,28,38,48,59,09,19,29,39,49,510,010,110,210,310,410,511,011,111,211,311,411,512,012,112,212,312,412,513,013,113,213,313,413,514,014,114,214,314,414,515,015,115,215,315,415,516,016,116,216,316,416,517,017,117,217,317,417,518,018,118,218,318,418,519,019,119,219,319,419,520,020,120,220,320,420,521,021,121,221,321,421,522,022,122,222,322,422,523,023,123,223,323,423,524,024,124,224,324,424,525,025,125,225,325,425,526,026,126,226,326,426,527,027,127,227,327,427,528,028,128,228,328,428,529,029,129,229,329,429,530,030,130,230,330,430,531,031,131,231,331,431,532,032,132,232,332,432,533,033,133,233,333,433,534,034,134,234,334,434,535,035,135,235,335,435,536,036,136,236,336,436,537,037,137,237,337,437,5
Passenger  First Name: f  Last Name: f  Seats: ['8A', '15A', '17A']
}

Reservation {
Confirmation Number: 39gQL0
Flight  Departure Date: 0  Arrival Date1.75  Flight ID: 4655  Airline: UA  Number: 7293  Origin: Chicago O'Hare International Airport, Chicago (ORD)  Destination: Harrisburg International Airport, Harrisburg (MDT)  Departure Time: 2020-05-28 11:00:00  Arrival Time: 2020-05-28 12:45:00  Booked Seats: 0,00,10,20,30,40,51,01,11,21,31,41,52,02,12,22,32,42,53,03,13,23,33,43,54,04,14,24,34,44,55,05,15,25,35,45,56,06,16,26,36,46,57,07,17,27,37,47,58,08,18,28,38,48,59,09,19,29,39,49,510,010,110,210,310,410,511,011,111,211,311,411,512,012,112,212,312,412,513,013,113,213,313,413,514,014,114,214,314,414,515,015,115,215,315,415,516,016,116,216,316,416,517,017,117,217,317,417,518,018,118,218,318,418,519,019,119,219,319,419,520,020,120,220,320,420,521,021,121,221,321,421,522,022,122,222,322,422,523,023,123,223,323,423,524,024,124,224,324,424,525,025,125,225,325,425,526,026,126,226,326,426,527,027,127,227,327,427,528,028,128,228,328,428,529,029,129,229,329,429,530,030,130,230,330,430,531,031,131,231,331,431,532,032,132,232,332,432,533,033,133,233,333,433,534,034,134,234,334,434,535,035,135,235,335,435,536,036,136,236,336,436,537,037,137,237,337,437,5
Flight  Departure Date: 4.75  Arrival Date5.55  Flight ID: 8725  Airline: UA  Number: 7936  Origin: Harrisburg International Airport, Harrisburg (MDT)  Destination: Washington Dulles International Airport, Washington (IAD)  Departure Time: 2020-05-28 14:15:00  Arrival Time: 2020-05-28 15:03:00  Booked Seats: 0,00,10,20,30,40,51,01,11,21,31,41,52,02,12,22,32,42,53,03,13,23,33,43,54,04,14,24,34,44,55,05,15,25,35,45,56,06,16,26,36,46,57,07,17,27,37,47,58,08,18,28,38,48,59,09,19,29,39,49,510,010,110,210,310,410,511,011,111,211,311,411,512,012,112,212,312,412,513,013,113,213,313,413,514,014,114,214,314,414,515,015,115,215,315,415,516,016,116,216,316,416,517,017,117,217,317,417,518,018,118,218,318,418,519,019,119,219,319,419,520,020,120,220,320,420,521,021,121,221,321,421,522,022,122,222,322,422,523,023,123,223,323,423,524,024,124,224,324,424,525,025,125,225,325,425,526,026,126,226,326,426,527,027,127,227,327,427,528,028,128,228,328,428,529,029,129,229,329,429,530,030,130,230,330,430,531,031,131,231,331,431,532,032,132,232,332,432,533,033,133,233,333,433,534,034,134,234,334,434,535,035,135,235,335,435,536,036,136,236,336,436,537,037,137,237,337,437,5
Flight  Departure Date: 7.05  Arrival Date19.333333333333332  Flight ID: 18813  Airline: LH  Number: 417  Origin: Washington Dulles International Airport, Washington (IAD)  Destination: Frankfurt am Main Airport, Frankfurt am Main (FRA)  Departure Time: 2020-05-28 19:20:00  Arrival Time: 2020-05-29 03:20:00  Booked Seats: 0,00,10,20,30,40,51,01,11,21,31,41,52,02,12,22,32,42,53,03,13,23,33,43,54,04,14,24,34,44,55,05,15,25,35,45,56,06,16,26,36,46,57,07,17,27,37,47,58,08,18,28,38,48,59,09,19,29,39,49,510,010,110,210,310,410,511,011,111,211,311,411,512,012,112,212,312,412,513,013,113,213,313,413,514,014,114,214,314,414,515,015,115,215,315,415,516,016,116,216,316,416,517,017,117,217,317,417,518,018,118,218,318,418,519,019,119,219,319,419,520,020,120,220,320,420,521,021,121,221,321,421,522,022,122,222,322,422,523,023,123,223,323,423,524,024,124,224,324,424,525,025,125,225,325,425,526,026,126,226,326,426,527,027,127,227,327,427,528,028,128,228,328,428,529,029,129,229,329,429,530,030,130,230,330,430,531,031,131,231,331,431,532,032,132,232,332,432,533,033,133,233,333,433,534,034,134,234,334,434,535,035,135,235,335,435,536,036,136,236,336,436,537,037,137,237,337,437,5
Passenger  First Name: f  Last Name: f  Seats: ['8A', '15A', '17A']
}

Reservation {
Confirmation Number: a6HqEw
Flight  Departure Date: 0  Arrival Date1.75  Flight ID: 4655  Airline: UA  Number: 7293  Origin: Chicago O'Hare International Airport, Chicago (ORD)  Destination: Harrisburg International Airport, Harrisburg (MDT)  Departure Time: 2020-05-28 11:00:00  Arrival Time: 2020-05-28 12:45:00  Booked Seats: 0,00,10,20,30,40,51,01,11,21,31,41,52,02,12,22,32,42,53,03,13,23,33,43,54,04,14,24,34,44,55,05,15,25,35,45,56,06,16,26,36,46,57,07,17,27,37,47,58,08,18,28,38,48,59,09,19,29,39,49,510,010,110,210,310,410,511,011,111,211,311,411,512,012,112,212,312,412,513,013,113,213,313,413,514,014,114,214,314,414,515,015,115,215,315,415,516,016,116,216,316,416,517,017,117,217,317,417,518,018,118,218,318,418,519,019,119,219,319,419,520,020,120,220,320,420,521,021,121,221,321,421,522,022,122,222,322,422,523,023,123,223,323,423,524,024,124,224,324,424,525,025,125,225,325,425,526,026,126,226,326,426,527,027,127,227,327,427,528,028,128,228,328,428,529,029,129,229,329,429,530,030,130,230,330,430,531,031,131,231,331,431,532,032,132,232,332,432,533,033,133,233,333,433,534,034,134,234,334,434,535,035,135,235,335,435,536,036,136,236,336,436,537,037,137,237,337,437,5
Flight  Departure Date: 4.75  Arrival Date5.55  Flight ID: 8725  Airline: UA  Number: 7936  Origin: Harrisburg International Airport, Harrisburg (MDT)  Destination: Washington Dulles International Airport, Washington (IAD)  Departure Time: 2020-05-28 14:15:00  Arrival Time: 2020-05-28 15:03:00  Booked Seats: 0,00,10,20,30,40,51,01,11,21,31,41,52,02,12,22,32,42,53,03,13,23,33,43,54,04,14,24,34,44,55,05,15,25,35,45,56,06,16,26,36,46,57,07,17,27,37,47,58,08,18,28,38,48,59,09,19,29,39,49,510,010,110,210,310,410,511,011,111,211,311,411,512,012,112,212,312,412,513,013,113,213,313,413,514,014,114,214,314,414,515,015,115,215,315,415,516,016,116,216,316,416,517,017,117,217,317,417,518,018,118,218,318,418,519,019,119,219,319,419,520,020,120,220,320,420,521,021,121,221,321,421,522,022,122,222,322,422,523,023,123,223,323,423,524,024,124,224,324,424,525,025,125,225,325,425,526,026,126,226,326,426,527,027,127,227,327,427,528,028,128,228,328,428,529,029,129,229,329,429,530,030,130,230,330,430,531,031,131,231,331,431,532,032,132,232,332,432,533,033,133,233,333,433,534,034,134,234,334,434,535,035,135,235,335,435,536,036,136,236,336,436,537,037,137,237,337,437,5
Flight  Departure Date: 7.05  Arrival Date19.333333333333332  Flight ID: 18813  Airline: LH  Number: 417  Origin: Washington Dulles International Airport, Washington (IAD)  Destination: Frankfurt am Main Airport, Frankfurt am Main (FRA)  Departure Time: 2020-05-28 19:20:00  Arrival Time: 2020-05-29 03:20:00  Booked Seats: 0,00,10,20,30,40,51,01,11,21,31,41,52,02,12,22,32,42,53,03,13,23,33,43,54,04,14,24,34,44,55,05,15,25,35,45,56,06,16,26,36,46,57,07,17,27,37,47,58,08,18,28,38,48,59,09,19,29,39,49,510,010,110,210,310,410,511,011,111,211,311,411,512,012,112,212,312,412,513,013,113,213,313,413,514,014,114,214,314,414,515,015,115,215,315,415,516,016,116,216,316,416,517,017,117,217,317,417,518,018,118,218,318,418,519,019,119,219,319,419,520,020,120,220,320,420,521,021,121,221,321,421,522,022,122,222,322,422,523,023,123,223,323,423,524,024,124,224,324,424,525,025,125,225,325,425,526,026,126,226,326,426,527,027,127,227,327,427,528,028,128,228,328,428,529,029,129,229,329,429,530,030,130,230,330,430,531,031,131,231,331,431,532,032,132,232,332,432,533,033,133,233,333,433,534,034,134,234,334,434,535,035,135,235,335,435,536,036,136,236,336,436,537,037,137,237,337,437,5
Passenger  First Name: f  Last Name: f  Seats: ['8A', '15A', '17A']
}

Reservation {
Confirmation Number: g1JgQX
Flight  Departure Date: 0  Arrival Date1.75  Flight ID: 4655  Airline: UA  Number: 7293  Origin: Chicago O'Hare International Airport, Chicago (ORD)  Destination: Harrisburg International Airport, Harrisburg (MDT)  Departure Time: 2020-05-28 11:00:00  Arrival Time: 2020-05-28 12:45:00  Booked Seats: 0,00,10,20,30,40,51,01,11,21,31,41,52,02,12,22,32,42,53,03,13,23,33,43,54,04,14,24,34,44,55,05,15,25,35,45,56,06,16,26,36,46,57,07,17,27,37,47,58,08,18,28,38,48,59,09,19,29,39,49,510,010,110,210,310,410,511,011,111,211,311,411,512,012,112,212,312,412,513,013,113,213,313,413,514,014,114,214,314,414,515,015,115,215,315,415,516,016,116,216,316,416,517,017,117,217,317,417,518,018,118,218,318,418,519,019,119,219,319,419,520,020,120,220,320,420,521,021,121,221,321,421,522,022,122,222,322,422,523,023,123,223,323,423,524,024,124,224,324,424,525,025,125,225,325,425,526,026,126,226,326,426,527,027,127,227,327,427,528,028,128,228,328,428,529,029,129,229,329,429,530,030,130,230,330,430,531,031,131,231,331,431,532,032,132,232,332,432,533,033,133,233,333,433,534,034,134,234,334,434,535,035,135,235,335,435,536,036,136,236,336,436,537,037,137,237,337,437,5
Flight  Departure Date: 4.75  Arrival Date5.55  Flight ID: 8725  Airline: UA  Number: 7936  Origin: Harrisburg International Airport, Harrisburg (MDT)  Destination: Washington Dulles International Airport, Washington (IAD)  Departure Time: 2020-05-28 14:15:00  Arrival Time: 2020-05-28 15:03:00  Booked Seats: 0,00,10,20,30,40,51,01,11,21,31,41,52,02,12,22,32,42,53,03,13,23,33,43,54,04,14,24,34,44,55,05,15,25,35,45,56,06,16,26,36,46,57,07,17,27,37,47,58,08,18,28,38,48,59,09,19,29,39,49,510,010,110,210,310,410,511,011,111,211,311,411,512,012,112,212,312,412,513,013,113,213,313,413,514,014,114,214,314,414,515,015,115,215,315,415,516,016,116,216,316,416,517,017,117,217,317,417,518,018,118,218,318,418,519,019,119,219,319,419,520,020,120,220,320,420,521,021,121,221,321,421,522,022,122,222,322,422,523,023,123,223,323,423,524,024,124,224,324,424,525,025,125,225,325,425,526,026,126,226,326,426,527,027,127,227,327,427,528,028,128,228,328,428,529,029,129,229,329,429,530,030,130,230,330,430,531,031,131,231,331,431,532,032,132,232,332,432,533,033,133,233,333,433,534,034,134,234,334,434,535,035,135,235,335,435,536,036,136,236,336,436,537,037,137,237,337,437,5
Flight  Departure Date: 7.05  Arrival Date19.333333333333332  Flight ID: 18813  Airline: LH  Number: 417  Origin: Washington Dulles International Airport, Washington (IAD)  Destination: Frankfurt am Main Airport, Frankfurt am Main (FRA)  Departure Time: 2020-05-28 19:20:00  Arrival Time: 2020-05-29 03:20:00  Booked Seats: 0,00,10,20,30,40,51,01,11,21,31,41,52,02,12,22,32,42,53,03,13,23,33,43,54,04,14,24,34,44,55,05,15,25,35,45,56,06,16,26,36,46,57,07,17,27,37,47,58,08,18,28,38,48,59,09,19,29,39,49,510,010,110,210,310,410,511,011,111,211,311,411,512,012,112,212,312,412,513,013,113,213,313,413,514,014,114,214,314,414,515,015,115,215,315,415,516,016,116,216,316,416,517,017,117,217,317,417,518,018,118,218,318,418,519,019,119,219,319,419,520,020,120,220,320,420,521,021,121,221,321,421,522,022,122,222,322,422,523,023,123,223,323,423,524,024,124,224,324,424,525,025,125,225,325,425,526,026,126,226,326,426,527,027,127,227,327,427,528,028,128,228,328,428,529,029,129,229,329,429,530,030,130,230,330,430,531,031,131,231,331,431,532,032,132,232,332,432,533,033,133,233,333,433,534,034,134,234,334,434,535,035,135,235,335,435,536,036,136,236,336,436,537,037,137,237,337,437,5
Passenger  First Name: f  Last Name: f  Seats: ['8A', '15A', '17A']
}

Reservation {
Confirmation Number: xbXs78
Flight  Departure Date: 0  Arrival Date1.75  Flight ID: 4655  Airline: UA  Number: 7293  Origin: Chicago O'Hare International Airport, Chicago (ORD)  Destination: Harrisburg International Airport, Harrisburg (MDT)  Departure Time: 2020-05-28 11:00:00  Arrival Time: 2020-05-28 12:45:00  Booked Seats: 0,00,10,20,30,40,51,01,11,21,31,41,52,02,12,22,32,42,53,03,13,23,33,43,54,04,14,24,34,44,55,05,15,25,35,45,56,06,16,26,36,46,57,07,17,27,37,47,58,08,18,28,38,48,59,09,19,29,39,49,510,010,110,210,310,410,511,011,111,211,311,411,512,012,112,212,312,412,513,013,113,213,313,413,514,014,114,214,314,414,515,015,115,215,315,415,516,016,116,216,316,416,517,017,117,217,317,417,518,018,118,218,318,418,519,019,119,219,319,419,520,020,120,220,320,420,521,021,121,221,321,421,522,022,122,222,322,422,523,023,123,223,323,423,524,024,124,224,324,424,525,025,125,225,325,425,526,026,126,226,326,426,527,027,127,227,327,427,528,028,128,228,328,428,529,029,129,229,329,429,530,030,130,230,330,430,531,031,131,231,331,431,532,032,132,232,332,432,533,033,133,233,333,433,534,034,134,234,334,434,535,035,135,235,335,435,536,036,136,236,336,436,537,037,137,237,337,437,5
Flight  Departure Date: 4.75  Arrival Date5.55  Flight ID: 8725  Airline: UA  Number: 7936  Origin: Harrisburg International Airport, Harrisburg (MDT)  Destination: Washington Dulles International Airport, Washington (IAD)  Departure Time: 2020-05-28 14:15:00  Arrival Time: 2020-05-28 15:03:00  Booked Seats: 0,00,10,20,30,40,51,01,11,21,31,41,52,02,12,22,32,42,53,03,13,23,33,43,54,04,14,24,34,44,55,05,15,25,35,45,56,06,16,26,36,46,57,07,17,27,37,47,58,08,18,28,38,48,59,09,19,29,39,49,510,010,110,210,310,410,511,011,111,211,311,411,512,012,112,212,312,412,513,013,113,213,313,413,514,014,114,214,314,414,515,015,115,215,315,415,516,016,116,216,316,416,517,017,117,217,317,417,518,018,118,218,318,418,519,019,119,219,319,419,520,020,120,220,320,420,521,021,121,221,321,421,522,022,122,222,322,422,523,023,123,223,323,423,524,024,124,224,324,424,525,025,125,225,325,425,526,026,126,226,326,426,527,027,127,227,327,427,528,028,128,228,328,428,529,029,129,229,329,429,530,030,130,230,330,430,531,031,131,231,331,431,532,032,132,232,332,432,533,033,133,233,333,433,534,034,134,234,334,434,535,035,135,235,335,435,536,036,136,236,336,436,537,037,137,237,337,437,5
Flight  Departure Date: 7.05  Arrival Date19.333333333333332  Flight ID: 18813  Airline: LH  Number: 417  Origin: Washington Dulles International Airport, Washington (IAD)  Destination: Frankfurt am Main Airport, Frankfurt am Main (FRA)  Departure Time: 2020-05-28 19:20:00  Arrival Time: 2020-05-29 03:20:00  Booked Seats: 0,00,10,20,30,40,51,01,11,21,31,41,52,02,12,22,32,42,53,03,13,23,33,43,54,04,14,24,34,44,55,05,15,25,35,45,56,06,16,26,36,46,57,07,17,27,37,47,58,08,18,28,38,48,59,09,19,29,39,49,510,010,110,210,310,410,511,011,111,211,311,411,512,012,112,212,312,412,513,013,113,213,313,413,514,014,114,214,314,414,515,015,115,215,315,415,516,016,116,216,316,416,517,017,117,217,317,417,518,018,118,218,318,418,519,019,119,219,319,419,520,020,120,220,320,420,521,021,121,221,321,421,522,022,122,222,322,422,523,023,123,223,323,423,524,024,124,224,324,424,525,025,125,225,325,425,526,026,126,226,326,426,527,027,127,227,327,427,528,028,128,228,328,428,529,029,129,229,329,429,530,030,130,230,330,430,531,031,131,231,331,431,532,032,132,232,332,432,533,033,133,233,333,433,534,034,134,234,334,434,535,035,135,235,335,435,536,036,136,236,336,436,537,037,137,237,337,437,5
Passenger  First Name: f  Last Name: f  Seats: ['8A', '15A', '17A']
}

Reservation {
Confirmation Number: a65wxq
Flight  Departure Date: 0  Arrival Date1.75  Flight ID: 4655  Airline: UA  Number: 7293  Origin: Chicago O'Hare International Airport, Chicago (ORD)  Destination: Harrisburg International Airport, Harrisburg (MDT)  Departure Time: 2020-05-28 11:00:00  Arrival Time: 2020-05-28 12:45:00  Booked Seats: 0,00,10,20,30,40,51,01,11,21,31,41,52,02,12,22,32,42,53,03,13,23,33,43,54,04,14,24,34,44,55,05,15,25,35,45,56,06,16,26,36,46,57,07,17,27,37,47,58,08,18,28,38,48,59,09,19,29,39,49,510,010,110,210,310,410,511,011,111,211,311,411,512,012,112,212,312,412,513,013,113,213,313,413,514,014,114,214,314,414,515,015,115,215,315,415,516,016,116,216,316,416,517,017,117,217,317,417,518,018,118,218,318,418,519,019,119,219,319,419,520,020,120,220,320,420,521,021,121,221,321,421,522,022,122,222,322,422,523,023,123,223,323,423,524,024,124,224,324,424,525,025,125,225,325,425,526,026,126,226,326,426,527,027,127,227,327,427,528,028,128,228,328,428,529,029,129,229,329,429,530,030,130,230,330,430,531,031,131,231,331,431,532,032,132,232,332,432,533,033,133,233,333,433,534,034,134,234,334,434,535,035,135,235,335,435,536,036,136,236,336,436,537,037,137,237,337,437,5
Flight  Departure Date: 4.75  Arrival Date5.55  Flight ID: 8725  Airline: UA  Number: 7936  Origin: Harrisburg International Airport, Harrisburg (MDT)  Destination: Washington Dulles International Airport, Washington (IAD)  Departure Time: 2020-05-28 14:15:00  Arrival Time: 2020-05-28 15:03:00  Booked Seats: 0,00,10,20,30,40,51,01,11,21,31,41,52,02,12,22,32,42,53,03,13,23,33,43,54,04,14,24,34,44,55,05,15,25,35,45,56,06,16,26,36,46,57,07,17,27,37,47,58,08,18,28,38,48,59,09,19,29,39,49,510,010,110,210,310,410,511,011,111,211,311,411,512,012,112,212,312,412,513,013,113,213,313,413,514,014,114,214,314,414,515,015,115,215,315,415,516,016,116,216,316,416,517,017,117,217,317,417,518,018,118,218,318,418,519,019,119,219,319,419,520,020,120,220,320,420,521,021,121,221,321,421,522,022,122,222,322,422,523,023,123,223,323,423,524,024,124,224,324,424,525,025,125,225,325,425,526,026,126,226,326,426,527,027,127,227,327,427,528,028,128,228,328,428,529,029,129,229,329,429,530,030,130,230,330,430,531,031,131,231,331,431,532,032,132,232,332,432,533,033,133,233,333,433,534,034,134,234,334,434,535,035,135,235,335,435,536,036,136,236,336,436,537,037,137,237,337,437,5
Flight  Departure Date: 7.05  Arrival Date19.333333333333332  Flight ID: 18813  Airline: LH  Number: 417  Origin: Washington Dulles International Airport, Washington (IAD)  Destination: Frankfurt am Main Airport, Frankfurt am Main (FRA)  Departure Time: 2020-05-28 19:20:00  Arrival Time: 2020-05-29 03:20:00  Booked Seats: 0,00,10,20,30,40,51,01,11,21,31,41,52,02,12,22,32,42,53,03,13,23,33,43,54,04,14,24,34,44,55,05,15,25,35,45,56,06,16,26,36,46,57,07,17,27,37,47,58,08,18,28,38,48,59,09,19,29,39,49,510,010,110,210,310,410,511,011,111,211,311,411,512,012,112,212,312,412,513,013,113,213,313,413,514,014,114,214,314,414,515,015,115,215,315,415,516,016,116,216,316,416,517,017,117,217,317,417,518,018,118,218,318,418,519,019,119,219,319,419,520,020,120,220,320,420,521,021,121,221,321,421,522,022,122,222,322,422,523,023,123,223,323,423,524,024,124,224,324,424,525,025,125,225,325,425,526,026,126,226,326,426,527,027,127,227,327,427,528,028,128,228,328,428,529,029,129,229,329,429,530,030,130,230,330,430,531,031,131,231,331,431,532,032,132,232,332,432,533,033,133,233,333,433,534,034,134,234,334,434,535,035,135,235,335,435,536,036,136,236,336,436,537,037,137,237,337,437,5
Passenger  First Name: f  Last Name: f  Seats: ['8A', '15A', '17A']
}

Reservation {
Confirmation Number: XxRTSh
Flight  Departure Date: 0  Arrival Date1.75  Flight ID: 4655  Airline: UA  Number: 7293  Origin: Chicago O'Hare International Airport, Chicago (ORD)  Destination: Harrisburg International Airport, Harrisburg (MDT)  Departure Time: 2020-05-28 11:00:00  Arrival Time: 2020-05-28 12:45:00  Booked Seats: 0,00,10,20,30,40,51,01,11,21,31,41,52,02,12,22,32,42,53,03,13,23,33,43,54,04,14,24,34,44,55,05,15,25,35,45,56,06,16,26,36,46,57,07,17,27,37,47,58,08,18,28,38,48,59,09,19,29,39,49,510,010,110,210,310,410,511,011,111,211,311,411,512,012,112,212,312,412,513,013,113,213,313,413,514,014,114,214,314,414,515,015,115,215,315,415,516,016,116,216,316,416,517,017,117,217,317,417,518,018,118,218,318,418,519,019,119,219,319,419,520,020,120,220,320,420,521,021,121,221,321,421,522,022,122,222,322,422,523,023,123,223,323,423,524,024,124,224,324,424,525,025,125,225,325,425,526,026,126,226,326,426,527,027,127,227,327,427,528,028,128,228,328,428,529,029,129,229,329,429,530,030,130,230,330,430,531,031,131,231,331,431,532,032,132,232,332,432,533,033,133,233,333,433,534,034,134,234,334,434,535,035,135,235,335,435,536,036,136,236,336,436,537,037,137,237,337,437,5
Flight  Departure Date: 4.75  Arrival Date5.55  Flight ID: 8725  Airline: UA  Number: 7936  Origin: Harrisburg International Airport, Harrisburg (MDT)  Destination: Washington Dulles International Airport, Washington (IAD)  Departure Time: 2020-05-28 14:15:00  Arrival Time: 2020-05-28 15:03:00  Booked Seats: 0,00,10,20,30,40,51,01,11,21,31,41,52,02,12,22,32,42,53,03,13,23,33,43,54,04,14,24,34,44,55,05,15,25,35,45,56,06,16,26,36,46,57,07,17,27,37,47,58,08,18,28,38,48,59,09,19,29,39,49,510,010,110,210,310,410,511,011,111,211,311,411,512,012,112,212,312,412,513,013,113,213,313,413,514,014,114,214,314,414,515,015,115,215,315,415,516,016,116,216,316,416,517,017,117,217,317,417,518,018,118,218,318,418,519,019,119,219,319,419,520,020,120,220,320,420,521,021,121,221,321,421,522,022,122,222,322,422,523,023,123,223,323,423,524,024,124,224,324,424,525,025,125,225,325,425,526,026,126,226,326,426,527,027,127,227,327,427,528,028,128,228,328,428,529,029,129,229,329,429,530,030,130,230,330,430,531,031,131,231,331,431,532,032,132,232,332,432,533,033,133,233,333,433,534,034,134,234,334,434,535,035,135,235,335,435,536,036,136,236,336,436,537,037,137,237,337,437,5
Flight  Departure Date: 7.05  Arrival Date19.333333333333332  Flight ID: 18813  Airline: LH  Number: 417  Origin: Washington Dulles International Airport, Washington (IAD)  Destination: Frankfurt am Main Airport, Frankfurt am Main (FRA)  Departure Time: 2020-05-28 19:20:00  Arrival Time: 2020-05-29 03:20:00  Booked Seats: 0,00,10,20,30,40,51,01,11,21,31,41,52,02,12,22,32,42,53,03,13,23,33,43,54,04,14,24,34,44,55,05,15,25,35,45,56,06,16,26,36,46,57,07,17,27,37,47,58,08,18,28,38,48,59,09,19,29,39,49,510,010,110,210,310,410,511,011,111,211,311,411,512,012,112,212,312,412,513,013,113,213,313,413,514,014,114,214,314,414,515,015,115,215,315,415,516,016,116,216,316,416,517,017,117,217,317,417,518,018,118,218,318,418,519,019,119,219,319,419,520,020,120,220,320,420,521,021,121,221,321,421,522,022,122,222,322,422,523,023,123,223,323,423,524,024,124,224,324,424,525,025,125,225,325,425,526,026,126,226,326,426,527,027,127,227,327,427,528,028,128,228,328,428,529,029,129,229,329,429,530,030,130,230,330,430,531,031,131,231,331,431,532,032,132,232,332,432,533,033,133,233,333,433,534,034,134,234,334,434,535,035,135,235,335,435,536,036,136,236,336,436,537,037,137,237,337,437,5
Passenger  First Name: f  Last Name: f  Seats: ['8A', '15A', '17A']
}

Reservation {
Confirmation Number: fyLWNG
Flight  Departure Date: 0  Arrival Date1.75  Flight ID: 4655  Airline: UA  Number: 7293  Origin: Chicago O'Hare International Airport, Chicago (ORD)  Destination: Harrisburg International Airport, Harrisburg (MDT)  Departure Time: 2020-05-28 11:00:00  Arrival Time: 2020-05-28 12:45:00  Booked Seats: 0,00,10,20,30,40,51,01,11,21,31,41,52,02,12,22,32,42,53,03,13,23,33,43,54,04,14,24,34,44,55,05,15,25,35,45,56,06,16,26,36,46,57,07,17,27,37,47,58,08,18,28,38,48,59,09,19,29,39,49,510,010,110,210,310,410,511,011,111,211,311,411,512,012,112,212,312,412,513,013,113,213,313,413,514,014,114,214,314,414,515,015,115,215,315,415,516,016,116,216,316,416,517,017,117,217,317,417,518,018,118,218,318,418,519,019,119,219,319,419,520,020,120,220,320,420,521,021,121,221,321,421,522,022,122,222,322,422,523,023,123,223,323,423,524,024,124,224,324,424,525,025,125,225,325,425,526,026,126,226,326,426,527,027,127,227,327,427,528,028,128,228,328,428,529,029,129,229,329,429,530,030,130,230,330,430,531,031,131,231,331,431,532,032,132,232,332,432,533,033,133,233,333,433,534,034,134,234,334,434,535,035,135,235,335,435,536,036,136,236,336,436,537,037,137,237,337,437,5
Flight  Departure Date: 4.75  Arrival Date5.55  Flight ID: 8725  Airline: UA  Number: 7936  Origin: Harrisburg International Airport, Harrisburg (MDT)  Destination: Washington Dulles International Airport, Washington (IAD)  Departure Time: 2020-05-28 14:15:00  Arrival Time: 2020-05-28 15:03:00  Booked Seats: 0,00,10,20,30,40,51,01,11,21,31,41,52,02,12,22,32,42,53,03,13,23,33,43,54,04,14,24,34,44,55,05,15,25,35,45,56,06,16,26,36,46,57,07,17,27,37,47,58,08,18,28,38,48,59,09,19,29,39,49,510,010,110,210,310,410,511,011,111,211,311,411,512,012,112,212,312,412,513,013,113,213,313,413,514,014,114,214,314,414,515,015,115,215,315,415,516,016,116,216,316,416,517,017,117,217,317,417,518,018,118,218,318,418,519,019,119,219,319,419,520,020,120,220,320,420,521,021,121,221,321,421,522,022,122,222,322,422,523,023,123,223,323,423,524,024,124,224,324,424,525,025,125,225,325,425,526,026,126,226,326,426,527,027,127,227,327,427,528,028,128,228,328,428,529,029,129,229,329,429,530,030,130,230,330,430,531,031,131,231,331,431,532,032,132,232,332,432,533,033,133,233,333,433,534,034,134,234,334,434,535,035,135,235,335,435,536,036,136,236,336,436,537,037,137,237,337,437,5
Flight  Departure Date: 7.05  Arrival Date19.333333333333332  Flight ID: 18813  Airline: LH  Number: 417  Origin: Washington Dulles International Airport, Washington (IAD)  Destination: Frankfurt am Main Airport, Frankfurt am Main (FRA)  Departure Time: 2020-05-28 19:20:00  Arrival Time: 2020-05-29 03:20:00  Booked Seats: 0,00,10,20,30,40,51,01,11,21,31,41,52,02,12,22,32,42,53,03,13,23,33,43,54,04,14,24,34,44,55,05,15,25,35,45,56,06,16,26,36,46,57,07,17,27,37,47,58,08,18,28,38,48,59,09,19,29,39,49,510,010,110,210,310,410,511,011,111,211,311,411,512,012,112,212,312,412,513,013,113,213,313,413,514,014,114,214,314,414,515,015,115,215,315,415,516,016,116,216,316,416,517,017,117,217,317,417,518,018,118,218,318,418,519,019,119,219,319,419,520,020,120,220,320,420,521,021,121,221,321,421,522,022,122,222,322,422,523,023,123,223,323,423,524,024,124,224,324,424,525,025,125,225,325,425,526,026,126,226,326,426,527,027,127,227,327,427,528,028,128,228,328,428,529,029,129,229,329,429,530,030,130,230,330,430,531,031,131,231,331,431,532,032,132,232,332,432,533,033,133,233,333,433,534,034,134,234,334,434,535,035,135,235,335,435,536,036,136,236,336,436,537,037,137,237,337,437,5
Passenger  First Name: f  Last Name: f  Seats: ['8A', '15A', '17A']
}

Reservation {
Confirmation Number: WE2FZB
Flight  Departure Date: 0  Arrival Date1.75  Flight ID: 4655  Airline: UA  Number: 7293  Origin: Chicago O'Hare International Airport, Chicago (ORD)  Destination: Harrisburg International Airport, Harrisburg (MDT)  Departure Time: 2020-05-28 11:00:00  Arrival Time: 2020-05-28 12:45:00  Booked Seats: 0,00,10,20,30,40,51,01,11,21,31,41,52,02,12,22,32,42,53,03,13,23,33,43,54,04,14,24,34,44,55,05,15,25,35,45,56,06,16,26,36,46,57,07,17,27,37,47,58,08,18,28,38,48,59,09,19,29,39,49,510,010,110,210,310,410,511,011,111,211,311,411,512,012,112,212,312,412,513,013,113,213,313,413,514,014,114,214,314,414,515,015,115,215,315,415,516,016,116,216,316,416,517,017,117,217,317,417,518,018,118,218,318,418,519,019,119,219,319,419,520,020,120,220,320,420,521,021,121,221,321,421,522,022,122,222,322,422,523,023,123,223,323,423,524,024,124,224,324,424,525,025,125,225,325,425,526,026,126,226,326,426,527,027,127,227,327,427,528,028,128,228,328,428,529,029,129,229,329,429,530,030,130,230,330,430,531,031,131,231,331,431,532,032,132,232,332,432,533,033,133,233,333,433,534,034,134,234,334,434,535,035,135,235,335,435,536,036,136,236,336,436,537,037,137,237,337,437,5
Flight  Departure Date: 4.75  Arrival Date5.55  Flight ID: 8725  Airline: UA  Number: 7936  Origin: Harrisburg International Airport, Harrisburg (MDT)  Destination: Washington Dulles International Airport, Washington (IAD)  Departure Time: 2020-05-28 14:15:00  Arrival Time: 2020-05-28 15:03:00  Booked Seats: 0,00,10,20,30,40,51,01,11,21,31,41,52,02,12,22,32,42,53,03,13,23,33,43,54,04,14,24,34,44,55,05,15,25,35,45,56,06,16,26,36,46,57,07,17,27,37,47,58,08,18,28,38,48,59,09,19,29,39,49,510,010,110,210,310,410,511,011,111,211,311,411,512,012,112,212,312,412,513,013,113,213,313,413,514,014,114,214,314,414,515,015,115,215,315,415,516,016,116,216,316,416,517,017,117,217,317,417,518,018,118,218,318,418,519,019,119,219,319,419,520,020,120,220,320,420,521,021,121,221,321,421,522,022,122,222,322,422,523,023,123,223,323,423,524,024,124,224,324,424,525,025,125,225,325,425,526,026,126,226,326,426,527,027,127,227,327,427,528,028,128,228,328,428,529,029,129,229,329,429,530,030,130,230,330,430,531,031,131,231,331,431,532,032,132,232,332,432,533,033,133,233,333,433,534,034,134,234,334,434,535,035,135,235,335,435,536,036,136,236,336,436,537,037,137,237,337,437,5
Flight  Departure Date: 7.05  Arrival Date19.333333333333332  Flight ID: 18813  Airline: LH  Number: 417  Origin: Washington Dulles International Airport, Washington (IAD)  Destination: Frankfurt am Main Airport, Frankfurt am Main (FRA)  Departure Time: 2020-05-28 19:20:00  Arrival Time: 2020-05-29 03:20:00  Booked Seats: 0,00,10,20,30,40,51,01,11,21,31,41,52,02,12,22,32,42,53,03,13,23,33,43,54,04,14,24,34,44,55,05,15,25,35,45,56,06,16,26,36,46,57,07,17,27,37,47,58,08,18,28,38,48,59,09,19,29,39,49,510,010,110,210,310,410,511,011,111,211,311,411,512,012,112,212,312,412,513,013,113,213,313,413,514,014,114,214,314,414,515,015,115,215,315,415,516,016,116,216,316,416,517,017,117,217,317,417,518,018,118,218,318,418,519,019,119,219,319,419,520,020,120,220,320,420,521,021,121,221,321,421,522,022,122,222,322,422,523,023,123,223,323,423,524,024,124,224,324,424,525,025,125,225,325,425,526,026,126,226,326,426,527,027,127,227,327,427,528,028,128,228,328,428,529,029,129,229,329,429,530,030,130,230,330,430,531,031,131,231,331,431,532,032,132,232,332,432,533,033,133,233,333,433,534,034,134,234,334,434,535,035,135,235,335,435,536,036,136,236,336,436,537,037,137,237,337,437,5
Passenger  First Name: f  Last Name: f  Seats: ['8A', '15A', '17A']
}

Reservation {
Confirmation Number: XYcuAH
Flight  Departure Date: 0  Arrival Date1.75  Flight ID: 4655  Airline: UA  Number: 7293  Origin: Chicago O'Hare International Airport, Chicago (ORD)  Destination: Harrisburg International Airport, Harrisburg (MDT)  Departure Time: 2020-05-28 11:00:00  Arrival Time: 2020-05-28 12:45:00  Booked Seats: 0,00,10,20,30,40,51,01,11,21,31,41,52,02,12,22,32,42,53,03,13,23,33,43,54,04,14,24,34,44,55,05,15,25,35,45,56,06,16,26,36,46,57,07,17,27,37,47,58,08,18,28,38,48,59,09,19,29,39,49,510,010,110,210,310,410,511,011,111,211,311,411,512,012,112,212,312,412,513,013,113,213,313,413,514,014,114,214,314,414,515,015,115,215,315,415,516,016,116,216,316,416,517,017,117,217,317,417,518,018,118,218,318,418,519,019,119,219,319,419,520,020,120,220,320,420,521,021,121,221,321,421,522,022,122,222,322,422,523,023,123,223,323,423,524,024,124,224,324,424,525,025,125,225,325,425,526,026,126,226,326,426,527,027,127,227,327,427,528,028,128,228,328,428,529,029,129,229,329,429,530,030,130,230,330,430,531,031,131,231,331,431,532,032,132,232,332,432,533,033,133,233,333,433,534,034,134,234,334,434,535,035,135,235,335,435,536,036,136,236,336,436,537,037,137,237,337,437,5
Flight  Departure Date: 4.75  Arrival Date5.55  Flight ID: 8725  Airline: UA  Number: 7936  Origin: Harrisburg International Airport, Harrisburg (MDT)  Destination: Washington Dulles International Airport, Washington (IAD)  Departure Time: 2020-05-28 14:15:00  Arrival Time: 2020-05-28 15:03:00  Booked Seats: 0,00,10,20,30,40,51,01,11,21,31,41,52,02,12,22,32,42,53,03,13,23,33,43,54,04,14,24,34,44,55,05,15,25,35,45,56,06,16,26,36,46,57,07,17,27,37,47,58,08,18,28,38,48,59,09,19,29,39,49,510,010,110,210,310,410,511,011,111,211,311,411,512,012,112,212,312,412,513,013,113,213,313,413,514,014,114,214,314,414,515,015,115,215,315,415,516,016,116,216,316,416,517,017,117,217,317,417,518,018,118,218,318,418,519,019,119,219,319,419,520,020,120,220,320,420,521,021,121,221,321,421,522,022,122,222,322,422,523,023,123,223,323,423,524,024,124,224,324,424,525,025,125,225,325,425,526,026,126,226,326,426,527,027,127,227,327,427,528,028,128,228,328,428,529,029,129,229,329,429,530,030,130,230,330,430,531,031,131,231,331,431,532,032,132,232,332,432,533,033,133,233,333,433,534,034,134,234,334,434,535,035,135,235,335,435,536,036,136,236,336,436,537,037,137,237,337,437,5
Flight  Departure Date: 7.05  Arrival Date19.333333333333332  Flight ID: 18813  Airline: LH  Number: 417  Origin: Washington Dulles International Airport, Washington (IAD)  Destination: Frankfurt am Main Airport, Frankfurt am Main (FRA)  Departure Time: 2020-05-28 19:20:00  Arrival Time: 2020-05-29 03:20:00  Booked Seats: 0,00,10,20,30,40,51,01,11,21,31,41,52,02,12,22,32,42,53,03,13,23,33,43,54,04,14,24,34,44,55,05,15,25,35,45,56,06,16,26,36,46,57,07,17,27,37,47,58,08,18,28,38,48,59,09,19,29,39,49,510,010,110,210,310,410,511,011,111,211,311,411,512,012,112,212,312,412,513,013,113,213,313,413,514,014,114,214,314,414,515,015,115,215,315,415,516,016,116,216,316,416,517,017,117,217,317,417,518,018,118,218,318,418,519,019,119,219,319,419,520,020,120,220,320,420,521,021,121,221,321,421,522,022,122,222,322,422,523,023,123,223,323,423,524,024,124,224,324,424,525,025,125,225,325,425,526,026,126,226,326,426,527,027,127,227,327,427,528,028,128,228,328,428,529,029,129,229,329,429,530,030,130,230,330,430,531,031,131,231,331,431,532,032,132,232,332,432,533,033,133,233,333,433,534,034,134,234,334,434,535,035,135,235,335,435,536,036,136,236,336,436,537,037,137,237,337,437,5
Passenger  First Name: f  Last Name: f  Seats: ['8A', '15A', '17A']
}

Reservation {
Confirmation Number: jj3qqS
Flight  Departure Date: 0  Arrival Date1.75  Flight ID: 4655  Airline: UA  Number: 7293  Origin: Chicago O'Hare International Airport, Chicago (ORD)  Destination: Harrisburg International Airport, Harrisburg (MDT)  Departure Time: 2020-05-28 11:00:00  Arrival Time: 2020-05-28 12:45:00  Booked Seats: 0,00,10,20,30,40,51,01,11,21,31,41,52,02,12,22,32,42,53,03,13,23,33,43,54,04,14,24,34,44,55,05,15,25,35,45,56,06,16,26,36,46,57,07,17,27,37,47,58,08,18,28,38,48,59,09,19,29,39,49,510,010,110,210,310,410,511,011,111,211,311,411,512,012,112,212,312,412,513,013,113,213,313,413,514,014,114,214,314,414,515,015,115,215,315,415,516,016,116,216,316,416,517,017,117,217,317,417,518,018,118,218,318,418,519,019,119,219,319,419,520,020,120,220,320,420,521,021,121,221,321,421,522,022,122,222,322,422,523,023,123,223,323,423,524,024,124,224,324,424,525,025,125,225,325,425,526,026,126,226,326,426,527,027,127,227,327,427,528,028,128,228,328,428,529,029,129,229,329,429,530,030,130,230,330,430,531,031,131,231,331,431,532,032,132,232,332,432,533,033,133,233,333,433,534,034,134,234,334,434,535,035,135,235,335,435,536,036,136,236,336,436,537,037,137,237,337,437,5
Flight  Departure Date: 4.75  Arrival Date5.55  Flight ID: 8725  Airline: UA  Number: 7936  Origin: Harrisburg International Airport, Harrisburg (MDT)  Destination: Washington Dulles International Airport, Washington (IAD)  Departure Time: 2020-05-28 14:15:00  Arrival Time: 2020-05-28 15:03:00  Booked Seats: 0,00,10,20,30,40,51,01,11,21,31,41,52,02,12,22,32,42,53,03,13,23,33,43,54,04,14,24,34,44,55,05,15,25,35,45,56,06,16,26,36,46,57,07,17,27,37,47,58,08,18,28,38,48,59,09,19,29,39,49,510,010,110,210,310,410,511,011,111,211,311,411,512,012,112,212,312,412,513,013,113,213,313,413,514,014,114,214,314,414,515,015,115,215,315,415,516,016,116,216,316,416,517,017,117,217,317,417,518,018,118,218,318,418,519,019,119,219,319,419,520,020,120,220,320,420,521,021,121,221,321,421,522,022,122,222,322,422,523,023,123,223,323,423,524,024,124,224,324,424,525,025,125,225,325,425,526,026,126,226,326,426,527,027,127,227,327,427,528,028,128,228,328,428,529,029,129,229,329,429,530,030,130,230,330,430,531,031,131,231,331,431,532,032,132,232,332,432,533,033,133,233,333,433,534,034,134,234,334,434,535,035,135,235,335,435,536,036,136,236,336,436,537,037,137,237,337,437,5
Flight  Departure Date: 7.05  Arrival Date19.333333333333332  Flight ID: 18813  Airline: LH  Number: 417  Origin: Washington Dulles International Airport, Washington (IAD)  Destination: Frankfurt am Main Airport, Frankfurt am Main (FRA)  Departure Time: 2020-05-28 19:20:00  Arrival Time: 2020-05-29 03:20:00  Booked Seats: 0,00,10,20,30,40,51,01,11,21,31,41,52,02,12,22,32,42,53,03,13,23,33,43,54,04,14,24,34,44,55,05,15,25,35,45,56,06,16,26,36,46,57,07,17,27,37,47,58,08,18,28,38,48,59,09,19,29,39,49,510,010,110,210,310,410,511,011,111,211,311,411,512,012,112,212,312,412,513,013,113,213,313,413,514,014,114,214,314,414,515,015,115,215,315,415,516,016,116,216,316,416,517,017,117,217,317,417,518,018,118,218,318,418,519,019,119,219,319,419,520,020,120,220,320,420,521,021,121,221,321,421,522,022,122,222,322,422,523,023,123,223,323,423,524,024,124,224,324,424,525,025,125,225,325,425,526,026,126,226,326,426,527,027,127,227,327,427,528,028,128,228,328,428,529,029,129,229,329,429,530,030,130,230,330,430,531,031,131,231,331,431,532,032,132,232,332,432,533,033,133,233,333,433,534,034,134,234,334,434,535,035,135,235,335,435,536,036,136,236,336,436,537,037,137,237,337,437,5
Passenger  First Name: f  Last Name: f  Seats: ['8A', '15A', '17A']
}

Reservation {
Confirmation Number: NbBp5A
Flight  Departure Date: 0  Arrival Date1.75  Flight ID: 4655  Airline: UA  Number: 7293  Origin: Chicago O'Hare International Airport, Chicago (ORD)  Destination: Harrisburg International Airport, Harrisburg (MDT)  Departure Time: 2020-05-28 11:00:00  Arrival Time: 2020-05-28 12:45:00  Booked Seats: 0,00,10,20,30,40,51,01,11,21,31,41,52,02,12,22,32,42,53,03,13,23,33,43,54,04,14,24,34,44,55,05,15,25,35,45,56,06,16,26,36,46,57,07,17,27,37,47,58,08,18,28,38,48,59,09,19,29,39,49,510,010,110,210,310,410,511,011,111,211,311,411,512,012,112,212,312,412,513,013,113,213,313,413,514,014,114,214,314,414,515,015,115,215,315,415,516,016,116,216,316,416,517,017,117,217,317,417,518,018,118,218,318,418,519,019,119,219,319,419,520,020,120,220,320,420,521,021,121,221,321,421,522,022,122,222,322,422,523,023,123,223,323,423,524,024,124,224,324,424,525,025,125,225,325,425,526,026,126,226,326,426,527,027,127,227,327,427,528,028,128,228,328,428,529,029,129,229,329,429,530,030,130,230,330,430,531,031,131,231,331,431,532,032,132,232,332,432,533,033,133,233,333,433,534,034,134,234,334,434,535,035,135,235,335,435,536,036,136,236,336,436,537,037,137,237,337,437,5
Flight  Departure Date: 4.75  Arrival Date5.55  Flight ID: 8725  Airline: UA  Number: 7936  Origin: Harrisburg International Airport, Harrisburg (MDT)  Destination: Washington Dulles International Airport, Washington (IAD)  Departure Time: 2020-05-28 14:15:00  Arrival Time: 2020-05-28 15:03:00  Booked Seats: 0,00,10,20,30,40,51,01,11,21,31,41,52,02,12,22,32,42,53,03,13,23,33,43,54,04,14,24,34,44,55,05,15,25,35,45,56,06,16,26,36,46,57,07,17,27,37,47,58,08,18,28,38,48,59,09,19,29,39,49,510,010,110,210,310,410,511,011,111,211,311,411,512,012,112,212,312,412,513,013,113,213,313,413,514,014,114,214,314,414,515,015,115,215,315,415,516,016,116,216,316,416,517,017,117,217,317,417,518,018,118,218,318,418,519,019,119,219,319,419,520,020,120,220,320,420,521,021,121,221,321,421,522,022,122,222,322,422,523,023,123,223,323,423,524,024,124,224,324,424,525,025,125,225,325,425,526,026,126,226,326,426,527,027,127,227,327,427,528,028,128,228,328,428,529,029,129,229,329,429,530,030,130,230,330,430,531,031,131,231,331,431,532,032,132,232,332,432,533,033,133,233,333,433,534,034,134,234,334,434,535,035,135,235,335,435,536,036,136,236,336,436,537,037,137,237,337,437,5
Flight  Departure Date: 7.05  Arrival Date19.333333333333332  Flight ID: 18813  Airline: LH  Number: 417  Origin: Washington Dulles International Airport, Washington (IAD)  Destination: Frankfurt am Main Airport, Frankfurt am Main (FRA)  Departure Time: 2020-05-28 19:20:00  Arrival Time: 2020-05-29 03:20:00  Booked Seats: 0,00,10,20,30,40,51,01,11,21,31,41,52,02,12,22,32,42,53,03,13,23,33,43,54,04,14,24,34,44,55,05,15,25,35,45,56,06,16,26,36,46,57,07,17,27,37,47,58,08,18,28,38,48,59,09,19,29,39,49,510,010,110,210,310,410,511,011,111,211,311,411,512,012,112,212,312,412,513,013,113,213,313,413,514,014,114,214,314,414,515,015,115,215,315,415,516,016,116,216,316,416,517,017,117,217,317,417,518,018,118,218,318,418,519,019,119,219,319,419,520,020,120,220,320,420,521,021,121,221,321,421,522,022,122,222,322,422,523,023,123,223,323,423,524,024,124,224,324,424,525,025,125,225,325,425,526,026,126,226,326,426,527,027,127,227,327,427,528,028,128,228,328,428,529,029,129,229,329,429,530,030,130,230,330,430,531,031,131,231,331,431,532,032,132,232,332,432,533,033,133,233,333,433,534,034,134,234,334,434,535,035,135,235,335,435,536,036,136,236,336,436,537,037,137,237,337,437,5
Passenger  First Name: f  Last Name: f  Seats: ['8A', '15A', '17A']
}

Reservation {
Confirmation Number: lDCs2a
Flight  Departure Date: 0  Arrival Date1.75  Flight ID: 4655  Airline: UA  Number: 7293  Origin: Chicago O'Hare International Airport, Chicago (ORD)  Destination: Harrisburg International Airport, Harrisburg (MDT)  Departure Time: 2020-05-28 11:00:00  Arrival Time: 2020-05-28 12:45:00  Booked Seats: 0,00,10,20,30,40,51,01,11,21,31,41,52,02,12,22,32,42,53,03,13,23,33,43,54,04,14,24,34,44,55,05,15,25,35,45,56,06,16,26,36,46,57,07,17,27,37,47,58,08,18,28,38,48,59,09,19,29,39,49,510,010,110,210,310,410,511,011,111,211,311,411,512,012,112,212,312,412,513,013,113,213,313,413,514,014,114,214,314,414,515,015,115,215,315,415,516,016,116,216,316,416,517,017,117,217,317,417,518,018,118,218,318,418,519,019,119,219,319,419,520,020,120,220,320,420,521,021,121,221,321,421,522,022,122,222,322,422,523,023,123,223,323,423,524,024,124,224,324,424,525,025,125,225,325,425,526,026,126,226,326,426,527,027,127,227,327,427,528,028,128,228,328,428,529,029,129,229,329,429,530,030,130,230,330,430,531,031,131,231,331,431,532,032,132,232,332,432,533,033,133,233,333,433,534,034,134,234,334,434,535,035,135,235,335,435,536,036,136,236,336,436,537,037,137,237,337,437,5
Flight  Departure Date: 4.75  Arrival Date5.55  Flight ID: 8725  Airline: UA  Number: 7936  Origin: Harrisburg International Airport, Harrisburg (MDT)  Destination: Washington Dulles International Airport, Washington (IAD)  Departure Time: 2020-05-28 14:15:00  Arrival Time: 2020-05-28 15:03:00  Booked Seats: 0,00,10,20,30,40,51,01,11,21,31,41,52,02,12,22,32,42,53,03,13,23,33,43,54,04,14,24,34,44,55,05,15,25,35,45,56,06,16,26,36,46,57,07,17,27,37,47,58,08,18,28,38,48,59,09,19,29,39,49,510,010,110,210,310,410,511,011,111,211,311,411,512,012,112,212,312,412,513,013,113,213,313,413,514,014,114,214,314,414,515,015,115,215,315,415,516,016,116,216,316,416,517,017,117,217,317,417,518,018,118,218,318,418,519,019,119,219,319,419,520,020,120,220,320,420,521,021,121,221,321,421,522,022,122,222,322,422,523,023,123,223,323,423,524,024,124,224,324,424,525,025,125,225,325,425,526,026,126,226,326,426,527,027,127,227,327,427,528,028,128,228,328,428,529,029,129,229,329,429,530,030,130,230,330,430,531,031,131,231,331,431,532,032,132,232,332,432,533,033,133,233,333,433,534,034,134,234,334,434,535,035,135,235,335,435,536,036,136,236,336,436,537,037,137,237,337,437,5
Flight  Departure Date: 7.05  Arrival Date19.333333333333332  Flight ID: 18813  Airline: LH  Number: 417  Origin: Washington Dulles International Airport, Washington (IAD)  Destination: Frankfurt am Main Airport, Frankfurt am Main (FRA)  Departure Time: 2020-05-28 19:20:00  Arrival Time: 2020-05-29 03:20:00  Booked Seats: 0,00,10,20,30,40,51,01,11,21,31,41,52,02,12,22,32,42,53,03,13,23,33,43,54,04,14,24,34,44,55,05,15,25,35,45,56,06,16,26,36,46,57,07,17,27,37,47,58,08,18,28,38,48,59,09,19,29,39,49,510,010,110,210,310,410,511,011,111,211,311,411,512,012,112,212,312,412,513,013,113,213,313,413,514,014,114,214,314,414,515,015,115,215,315,415,516,016,116,216,316,416,517,017,117,217,317,417,518,018,118,218,318,418,519,019,119,219,319,419,520,020,120,220,320,420,521,021,121,221,321,421,522,022,122,222,322,422,523,023,123,223,323,423,524,024,124,224,324,424,525,025,125,225,325,425,526,026,126,226,326,426,527,027,127,227,327,427,528,028,128,228,328,428,529,029,129,229,329,429,530,030,130,230,330,430,531,031,131,231,331,431,532,032,132,232,332,432,533,033,133,233,333,433,534,034,134,234,334,434,535,035,135,235,335,435,536,036,136,236,336,436,537,037,137,237,337,437,5
Passenger  First Name: f  Last Name: f  Seats: ['8A', '15A', '17A']
}

Reservation {
Confirmation Number: JHxpeg
Flight  Departure Date: 0  Arrival Date1.75  Flight ID: 4655  Airline: UA  Number: 7293  Origin: Chicago O'Hare International Airport, Chicago (ORD)  Destination: Harrisburg International Airport, Harrisburg (MDT)  Departure Time: 2020-05-28 11:00:00  Arrival Time: 2020-05-28 12:45:00  Booked Seats: 0,00,10,20,30,40,51,01,11,21,31,41,52,02,12,22,32,42,53,03,13,23,33,43,54,04,14,24,34,44,55,05,15,25,35,45,56,06,16,26,36,46,57,07,17,27,37,47,58,08,18,28,38,48,59,09,19,29,39,49,510,010,110,210,310,410,511,011,111,211,311,411,512,012,112,212,312,412,513,013,113,213,313,413,514,014,114,214,314,414,515,015,115,215,315,415,516,016,116,216,316,416,517,017,117,217,317,417,518,018,118,218,318,418,519,019,119,219,319,419,520,020,120,220,320,420,521,021,121,221,321,421,522,022,122,222,322,422,523,023,123,223,323,423,524,024,124,224,324,424,525,025,125,225,325,425,526,026,126,226,326,426,527,027,127,227,327,427,528,028,128,228,328,428,529,029,129,229,329,429,530,030,130,230,330,430,531,031,131,231,331,431,532,032,132,232,332,432,533,033,133,233,333,433,534,034,134,234,334,434,535,035,135,235,335,435,536,036,136,236,336,436,537,037,137,237,337,437,5
Flight  Departure Date: 4.75  Arrival Date5.55  Flight ID: 8725  Airline: UA  Number: 7936  Origin: Harrisburg International Airport, Harrisburg (MDT)  Destination: Washington Dulles International Airport, Washington (IAD)  Departure Time: 2020-05-28 14:15:00  Arrival Time: 2020-05-28 15:03:00  Booked Seats: 0,00,10,20,30,40,51,01,11,21,31,41,52,02,12,22,32,42,53,03,13,23,33,43,54,04,14,24,34,44,55,05,15,25,35,45,56,06,16,26,36,46,57,07,17,27,37,47,58,08,18,28,38,48,59,09,19,29,39,49,510,010,110,210,310,410,511,011,111,211,311,411,512,012,112,212,312,412,513,013,113,213,313,413,514,014,114,214,314,414,515,015,115,215,315,415,516,016,116,216,316,416,517,017,117,217,317,417,518,018,118,218,318,418,519,019,119,219,319,419,520,020,120,220,320,420,521,021,121,221,321,421,522,022,122,222,322,422,523,023,123,223,323,423,524,024,124,224,324,424,525,025,125,225,325,425,526,026,126,226,326,426,527,027,127,227,327,427,528,028,128,228,328,428,529,029,129,229,329,429,530,030,130,230,330,430,531,031,131,231,331,431,532,032,132,232,332,432,533,033,133,233,333,433,534,034,134,234,334,434,535,035,135,235,335,435,536,036,136,236,336,436,537,037,137,237,337,437,5
Flight  Departure Date: 7.05  Arrival Date19.333333333333332  Flight ID: 18813  Airline: LH  Number: 417  Origin: Washington Dulles International Airport, Washington (IAD)  Destination: Frankfurt am Main Airport, Frankfurt am Main (FRA)  Departure Time: 2020-05-28 19:20:00  Arrival Time: 2020-05-29 03:20:00  Booked Seats: 0,00,10,20,30,40,51,01,11,21,31,41,52,02,12,22,32,42,53,03,13,23,33,43,54,04,14,24,34,44,55,05,15,25,35,45,56,06,16,26,36,46,57,07,17,27,37,47,58,08,18,28,38,48,59,09,19,29,39,49,510,010,110,210,310,410,511,011,111,211,311,411,512,012,112,212,312,412,513,013,113,213,313,413,514,014,114,214,314,414,515,015,115,215,315,415,516,016,116,216,316,416,517,017,117,217,317,417,518,018,118,218,318,418,519,019,119,219,319,419,520,020,120,220,320,420,521,021,121,221,321,421,522,022,122,222,322,422,523,023,123,223,323,423,524,024,124,224,324,424,525,025,125,225,325,425,526,026,126,226,326,426,527,027,127,227,327,427,528,028,128,228,328,428,529,029,129,229,329,429,530,030,130,230,330,430,531,031,131,231,331,431,532,032,132,232,332,432,533,033,133,233,333,433,534,034,134,234,334,434,535,035,135,235,335,435,536,036,136,236,336,436,537,037,137,237,337,437,5
Passenger  First Name: f  Last Name: f  Seats: ['8A', '15A', '17A']
}

Reservation {
Confirmation Number: MBbDHs
Flight  Departure Date: 0  Arrival Date1.75  Flight ID: 4655  Airline: UA  Number: 7293  Origin: Chicago O'Hare International Airport, Chicago (ORD)  Destination: Harrisburg International Airport, Harrisburg (MDT)  Departure Time: 2020-05-28 11:00:00  Arrival Time: 2020-05-28 12:45:00  Booked Seats: 0,00,10,20,30,40,51,01,11,21,31,41,52,02,12,22,32,42,53,03,13,23,33,43,54,04,14,24,34,44,55,05,15,25,35,45,56,06,16,26,36,46,57,07,17,27,37,47,58,08,18,28,38,48,59,09,19,29,39,49,510,010,110,210,310,410,511,011,111,211,311,411,512,012,112,212,312,412,513,013,113,213,313,413,514,014,114,214,314,414,515,015,115,215,315,415,516,016,116,216,316,416,517,017,117,217,317,417,518,018,118,218,318,418,519,019,119,219,319,419,520,020,120,220,320,420,521,021,121,221,321,421,522,022,122,222,322,422,523,023,123,223,323,423,524,024,124,224,324,424,525,025,125,225,325,425,526,026,126,226,326,426,527,027,127,227,327,427,528,028,128,228,328,428,529,029,129,229,329,429,530,030,130,230,330,430,531,031,131,231,331,431,532,032,132,232,332,432,533,033,133,233,333,433,534,034,134,234,334,434,535,035,135,235,335,435,536,036,136,236,336,436,537,037,137,237,337,437,5
Flight  Departure Date: 4.75  Arrival Date5.55  Flight ID: 8725  Airline: UA  Number: 7936  Origin: Harrisburg International Airport, Harrisburg (MDT)  Destination: Washington Dulles International Airport, Washington (IAD)  Departure Time: 2020-05-28 14:15:00  Arrival Time: 2020-05-28 15:03:00  Booked Seats: 0,00,10,20,30,40,51,01,11,21,31,41,52,02,12,22,32,42,53,03,13,23,33,43,54,04,14,24,34,44,55,05,15,25,35,45,56,06,16,26,36,46,57,07,17,27,37,47,58,08,18,28,38,48,59,09,19,29,39,49,510,010,110,210,310,410,511,011,111,211,311,411,512,012,112,212,312,412,513,013,113,213,313,413,514,014,114,214,314,414,515,015,115,215,315,415,516,016,116,216,316,416,517,017,117,217,317,417,518,018,118,218,318,418,519,019,119,219,319,419,520,020,120,220,320,420,521,021,121,221,321,421,522,022,122,222,322,422,523,023,123,223,323,423,524,024,124,224,324,424,525,025,125,225,325,425,526,026,126,226,326,426,527,027,127,227,327,427,528,028,128,228,328,428,529,029,129,229,329,429,530,030,130,230,330,430,531,031,131,231,331,431,532,032,132,232,332,432,533,033,133,233,333,433,534,034,134,234,334,434,535,035,135,235,335,435,536,036,136,236,336,436,537,037,137,237,337,437,5
Flight  Departure Date: 7.05  Arrival Date19.333333333333332  Flight ID: 18813  Airline: LH  Number: 417  Origin: Washington Dulles International Airport, Washington (IAD)  Destination: Frankfurt am Main Airport, Frankfurt am Main (FRA)  Departure Time: 2020-05-28 19:20:00  Arrival Time: 2020-05-29 03:20:00  Booked Seats: 0,00,10,20,30,40,51,01,11,21,31,41,52,02,12,22,32,42,53,03,13,23,33,43,54,04,14,24,34,44,55,05,15,25,35,45,56,06,16,26,36,46,57,07,17,27,37,47,58,08,18,28,38,48,59,09,19,29,39,49,510,010,110,210,310,410,511,011,111,211,311,411,512,012,112,212,312,412,513,013,113,213,313,413,514,014,114,214,314,414,515,015,115,215,315,415,516,016,116,216,316,416,517,017,117,217,317,417,518,018,118,218,318,418,519,019,119,219,319,419,520,020,120,220,320,420,521,021,121,221,321,421,522,022,122,222,322,422,523,023,123,223,323,423,524,024,124,224,324,424,525,025,125,225,325,425,526,026,126,226,326,426,527,027,127,227,327,427,528,028,128,228,328,428,529,029,129,229,329,429,530,030,130,230,330,430,531,031,131,231,331,431,532,032,132,232,332,432,533,033,133,233,333,433,534,034,134,234,334,434,535,035,135,235,335,435,536,036,136,236,336,436,537,037,137,237,337,437,5
Passenger  First Name: f  Last Name: f  Seats: ['8A', '15A', '17A']
}

Reservation {
Confirmation Number: Gx9PzR
Flight  Departure Date: 0  Arrival Date1.75  Flight ID: 4655  Airline: UA  Number: 7293  Origin: Chicago O'Hare International Airport, Chicago (ORD)  Destination: Harrisburg International Airport, Harrisburg (MDT)  Departure Time: 2020-05-28 11:00:00  Arrival Time: 2020-05-28 12:45:00  Booked Seats: 0,00,10,20,30,40,51,01,11,21,31,41,52,02,12,22,32,42,53,03,13,23,33,43,54,04,14,24,34,44,55,05,15,25,35,45,56,06,16,26,36,46,57,07,17,27,37,47,58,08,18,28,38,48,59,09,19,29,39,49,510,010,110,210,310,410,511,011,111,211,311,411,512,012,112,212,312,412,513,013,113,213,313,413,514,014,114,214,314,414,515,015,115,215,315,415,516,016,116,216,316,416,517,017,117,217,317,417,518,018,118,218,318,418,519,019,119,219,319,419,520,020,120,220,320,420,521,021,121,221,321,421,522,022,122,222,322,422,523,023,123,223,323,423,524,024,124,224,324,424,525,025,125,225,325,425,526,026,126,226,326,426,527,027,127,227,327,427,528,028,128,228,328,428,529,029,129,229,329,429,530,030,130,230,330,430,531,031,131,231,331,431,532,032,132,232,332,432,533,033,133,233,333,433,534,034,134,234,334,434,535,035,135,235,335,435,536,036,136,236,336,436,537,037,137,237,337,437,5
Flight  Departure Date: 4.75  Arrival Date5.55  Flight ID: 8725  Airline: UA  Number: 7936  Origin: Harrisburg International Airport, Harrisburg (MDT)  Destination: Washington Dulles International Airport, Washington (IAD)  Departure Time: 2020-05-28 14:15:00  Arrival Time: 2020-05-28 15:03:00  Booked Seats: 0,00,10,20,30,40,51,01,11,21,31,41,52,02,12,22,32,42,53,03,13,23,33,43,54,04,14,24,34,44,55,05,15,25,35,45,56,06,16,26,36,46,57,07,17,27,37,47,58,08,18,28,38,48,59,09,19,29,39,49,510,010,110,210,310,410,511,011,111,211,311,411,512,012,112,212,312,412,513,013,113,213,313,413,514,014,114,214,314,414,515,015,115,215,315,415,516,016,116,216,316,416,517,017,117,217,317,417,518,018,118,218,318,418,519,019,119,219,319,419,520,020,120,220,320,420,521,021,121,221,321,421,522,022,122,222,322,422,523,023,123,223,323,423,524,024,124,224,324,424,525,025,125,225,325,425,526,026,126,226,326,426,527,027,127,227,327,427,528,028,128,228,328,428,529,029,129,229,329,429,530,030,130,230,330,430,531,031,131,231,331,431,532,032,132,232,332,432,533,033,133,233,333,433,534,034,134,234,334,434,535,035,135,235,335,435,536,036,136,236,336,436,537,037,137,237,337,437,5
Flight  Departure Date: 7.05  Arrival Date19.333333333333332  Flight ID: 18813  Airline: LH  Number: 417  Origin: Washington Dulles International Airport, Washington (IAD)  Destination: Frankfurt am Main Airport, Frankfurt am Main (FRA)  Departure Time: 2020-05-28 19:20:00  Arrival Time: 2020-05-29 03:20:00  Booked Seats: 0,00,10,20,30,40,51,01,11,21,31,41,52,02,12,22,32,42,53,03,13,23,33,43,54,04,14,24,34,44,55,05,15,25,35,45,56,06,16,26,36,46,57,07,17,27,37,47,58,08,18,28,38,48,59,09,19,29,39,49,510,010,110,210,310,410,511,011,111,211,311,411,512,012,112,212,312,412,513,013,113,213,313,413,514,014,114,214,314,414,515,015,115,215,315,415,516,016,116,216,316,416,517,017,117,217,317,417,518,018,118,218,318,418,519,019,119,219,319,419,520,020,120,220,320,420,521,021,121,221,321,421,522,022,122,222,322,422,523,023,123,223,323,423,524,024,124,224,324,424,525,025,125,225,325,425,526,026,126,226,326,426,527,027,127,227,327,427,528,028,128,228,328,428,529,029,129,229,329,429,530,030,130,230,330,430,531,031,131,231,331,431,532,032,132,232,332,432,533,033,133,233,333,433,534,034,134,234,334,434,535,035,135,235,335,435,536,036,136,236,336,436,537,037,137,237,337,437,5
Passenger  First Name: f  Last Name: f  Seats: ['8A', '15A', '17A']
}

Reservation {
Confirmation Number: fT7H3j
Flight  Departure Date: 0  Arrival Date1.75  Flight ID: 4655  Airline: UA  Number: 7293  Origin: Chicago O'Hare International Airport, Chicago (ORD)  Destination: Harrisburg International Airport, Harrisburg (MDT)  Departure Time: 2020-05-28 11:00:00  Arrival Time: 2020-05-28 12:45:00  Booked Seats: 0,00,10,20,30,40,51,01,11,21,31,41,52,02,12,22,32,42,53,03,13,23,33,43,54,04,14,24,34,44,55,05,15,25,35,45,56,06,16,26,36,46,57,07,17,27,37,47,58,08,18,28,38,48,59,09,19,29,39,49,510,010,110,210,310,410,511,011,111,211,311,411,512,012,112,212,312,412,513,013,113,213,313,413,514,014,114,214,314,414,515,015,115,215,315,415,516,016,116,216,316,416,517,017,117,217,317,417,518,018,118,218,318,418,519,019,119,219,319,419,520,020,120,220,320,420,521,021,121,221,321,421,522,022,122,222,322,422,523,023,123,223,323,423,524,024,124,224,324,424,525,025,125,225,325,425,526,026,126,226,326,426,527,027,127,227,327,427,528,028,128,228,328,428,529,029,129,229,329,429,530,030,130,230,330,430,531,031,131,231,331,431,532,032,132,232,332,432,533,033,133,233,333,433,534,034,134,234,334,434,535,035,135,235,335,435,536,036,136,236,336,436,537,037,137,237,337,437,5
Flight  Departure Date: 4.75  Arrival Date5.55  Flight ID: 8725  Airline: UA  Number: 7936  Origin: Harrisburg International Airport, Harrisburg (MDT)  Destination: Washington Dulles International Airport, Washington (IAD)  Departure Time: 2020-05-28 14:15:00  Arrival Time: 2020-05-28 15:03:00  Booked Seats: 0,00,10,20,30,40,51,01,11,21,31,41,52,02,12,22,32,42,53,03,13,23,33,43,54,04,14,24,34,44,55,05,15,25,35,45,56,06,16,26,36,46,57,07,17,27,37,47,58,08,18,28,38,48,59,09,19,29,39,49,510,010,110,210,310,410,511,011,111,211,311,411,512,012,112,212,312,412,513,013,113,213,313,413,514,014,114,214,314,414,515,015,115,215,315,415,516,016,116,216,316,416,517,017,117,217,317,417,518,018,118,218,318,418,519,019,119,219,319,419,520,020,120,220,320,420,521,021,121,221,321,421,522,022,122,222,322,422,523,023,123,223,323,423,524,024,124,224,324,424,525,025,125,225,325,425,526,026,126,226,326,426,527,027,127,227,327,427,528,028,128,228,328,428,529,029,129,229,329,429,530,030,130,230,330,430,531,031,131,231,331,431,532,032,132,232,332,432,533,033,133,233,333,433,534,034,134,234,334,434,535,035,135,235,335,435,536,036,136,236,336,436,537,037,137,237,337,437,5
Flight  Departure Date: 7.05  Arrival Date19.333333333333332  Flight ID: 18813  Airline: LH  Number: 417  Origin: Washington Dulles International Airport, Washington (IAD)  Destination: Frankfurt am Main Airport, Frankfurt am Main (FRA)  Departure Time: 2020-05-28 19:20:00  Arrival Time: 2020-05-29 03:20:00  Booked Seats: 0,00,10,20,30,40,51,01,11,21,31,41,52,02,12,22,32,42,53,03,13,23,33,43,54,04,14,24,34,44,55,05,15,25,35,45,56,06,16,26,36,46,57,07,17,27,37,47,58,08,18,28,38,48,59,09,19,29,39,49,510,010,110,210,310,410,511,011,111,211,311,411,512,012,112,212,312,412,513,013,113,213,313,413,514,014,114,214,314,414,515,015,115,215,315,415,516,016,116,216,316,416,517,017,117,217,317,417,518,018,118,218,318,418,519,019,119,219,319,419,520,020,120,220,320,420,521,021,121,221,321,421,522,022,122,222,322,422,523,023,123,223,323,423,524,024,124,224,324,424,525,025,125,225,325,425,526,026,126,226,326,426,527,027,127,227,327,427,528,028,128,228,328,428,529,029,129,229,329,429,530,030,130,230,330,430,531,031,131,231,331,431,532,032,132,232,332,432,533,033,133,233,333,433,534,034,134,234,334,434,535,035,135,235,335,435,536,036,136,236,336,436,537,037,137,237,337,437,5
Passenger  First Name: f  Last Name: f  Seats: ['8A', '15A', '17A']
}

Reservation {
Confirmation Number: k9RE6j
Flight  Departure Date: 0  Arrival Date5.916666666666667  Flight ID: 15398  Airline: UA  Number: 6100  Origin: San Diego International Airport, San Diego (SAN)  Destination: Los Angeles International Airport, Los Angeles (LAX)  Departure Time: 2020-05-28 13:00:00  Arrival Time: 2020-05-28 13:55:00  Booked Seats: 0,00,10,20,30,40,51,01,11,21,31,41,52,02,12,22,32,42,53,03,13,23,33,43,54,04,14,24,34,44,55,05,15,25,35,45,56,06,16,26,36,46,57,07,17,27,37,47,58,08,18,28,38,48,59,09,19,29,39,49,510,010,110,210,310,410,511,011,111,211,311,411,512,012,112,212,312,412,513,013,113,213,313,413,514,014,114,214,314,414,515,015,115,215,315,415,516,016,116,216,316,416,517,017,117,217,317,417,518,018,118,218,318,418,519,019,119,219,319,419,520,020,120,220,320,420,521,021,121,221,321,421,522,022,122,222,322,422,523,023,123,223,323,423,524,024,124,224,324,424,525,025,125,225,325,425,526,026,126,226,326,426,527,027,127,227,327,427,528,028,128,228,328,428,529,029,129,229,329,429,530,030,130,230,330,430,531,031,131,231,331,431,532,032,132,232,332,432,533,033,133,233,333,433,534,034,134,234,334,434,535,035,135,235,335,435,536,036,136,236,336,436,537,037,137,237,337,437,5
Passenger  First Name: f  Last Name: f  Seats: ['13B']
}

Reservation {
Confirmation Number: z0stHW
Flight  Departure Date: 0  Arrival Date5.916666666666667  Flight ID: 15398  Airline: UA  Number: 6100  Origin: San Diego International Airport, San Diego (SAN)  Destination: Los Angeles International Airport, Los Angeles (LAX)  Departure Time: 2020-05-28 13:00:00  Arrival Time: 2020-05-28 13:55:00  Booked Seats: 0,00,10,20,30,40,51,01,11,21,31,41,52,02,12,22,32,42,53,03,13,23,33,43,54,04,14,24,34,44,55,05,15,25,35,45,56,06,16,26,36,46,57,07,17,27,37,47,58,08,18,28,38,48,59,09,19,29,39,49,510,010,110,210,310,410,511,011,111,211,311,411,512,012,112,212,312,412,513,013,113,213,313,413,514,014,114,214,314,414,515,015,115,215,315,415,516,016,116,216,316,416,517,017,117,217,317,417,518,018,118,218,318,418,519,019,119,219,319,419,520,020,120,220,320,420,521,021,121,221,321,421,522,022,122,222,322,422,523,023,123,223,323,423,524,024,124,224,324,424,525,025,125,225,325,425,526,026,126,226,326,426,527,027,127,227,327,427,528,028,128,228,328,428,529,029,129,229,329,429,530,030,130,230,330,430,531,031,131,231,331,431,532,032,132,232,332,432,533,033,133,233,333,433,534,034,134,234,334,434,535,035,135,235,335,435,536,036,136,236,336,436,537,037,137,237,337,437,5
Passenger  First Name: f  Last Name: f  Seats: ['13B']
}

Reservation {
Confirmation Number: z0stHW
Flight  Departure Date: 0  Arrival Date5.916666666666667  Flight ID: 15398  Airline: UA  Number: 6100  Origin: San Diego International Airport, San Diego (SAN)  Destination: Los Angeles International Airport, Los Angeles (LAX)  Departure Time: 2020-05-28 13:00:00  Arrival Time: 2020-05-28 13:55:00  Booked Seats: 0,00,10,20,30,40,51,01,11,21,31,41,52,02,12,22,32,42,53,03,13,23,33,43,54,04,14,24,34,44,55,05,15,25,35,45,56,06,16,26,36,46,57,07,17,27,37,47,58,08,18,28,38,48,59,09,19,29,39,49,510,010,110,210,310,410,511,011,111,211,311,411,512,012,112,212,312,412,513,013,113,213,313,413,514,014,114,214,314,414,515,015,115,215,315,415,516,016,116,216,316,416,517,017,117,217,317,417,518,018,118,218,318,418,519,019,119,219,319,419,520,020,120,220,320,420,521,021,121,221,321,421,522,022,122,222,322,422,523,023,123,223,323,423,524,024,124,224,324,424,525,025,125,225,325,425,526,026,126,226,326,426,527,027,127,227,327,427,528,028,128,228,328,428,529,029,129,229,329,429,530,030,130,230,330,430,531,031,131,231,331,431,532,032,132,232,332,432,533,033,133,233,333,433,534,034,134,234,334,434,535,035,135,235,335,435,536,036,136,236,336,436,537,037,137,237,337,437,5
Passenger  First Name: f  Last Name: f  Seats: ['13B']
}

Reservation {
Confirmation Number: z0stHW
Flight  Departure Date: 0  Arrival Date5.916666666666667  Flight ID: 15398  Airline: UA  Number: 6100  Origin: San Diego International Airport, San Diego (SAN)  Destination: Los Angeles International Airport, Los Angeles (LAX)  Departure Time: 2020-05-28 13:00:00  Arrival Time: 2020-05-28 13:55:00  Booked Seats: 0,00,10,20,30,40,51,01,11,21,31,41,52,02,12,22,32,42,53,03,13,23,33,43,54,04,14,24,34,44,55,05,15,25,35,45,56,06,16,26,36,46,57,07,17,27,37,47,58,08,18,28,38,48,59,09,19,29,39,49,510,010,110,210,310,410,511,011,111,211,311,411,512,012,112,212,312,412,513,013,113,213,313,413,514,014,114,214,314,414,515,015,115,215,315,415,516,016,116,216,316,416,517,017,117,217,317,417,518,018,118,218,318,418,519,019,119,219,319,419,520,020,120,220,320,420,521,021,121,221,321,421,522,022,122,222,322,422,523,023,123,223,323,423,524,024,124,224,324,424,525,025,125,225,325,425,526,026,126,226,326,426,527,027,127,227,327,427,528,028,128,228,328,428,529,029,129,229,329,429,530,030,130,230,330,430,531,031,131,231,331,431,532,032,132,232,332,432,533,033,133,233,333,433,534,034,134,234,334,434,535,035,135,235,335,435,536,036,136,236,336,436,537,037,137,237,337,437,5
Passenger  First Name: f  Last Name: f  Seats: ['13B']
}

Reservation {
Confirmation Number: z0stHW
Flight  Departure Date: 0  Arrival Date5.916666666666667  Flight ID: 15398  Airline: UA  Number: 6100  Origin: San Diego International Airport, San Diego (SAN)  Destination: Los Angeles International Airport, Los Angeles (LAX)  Departure Time: 2020-05-28 13:00:00  Arrival Time: 2020-05-28 13:55:00  Booked Seats: 0,00,10,20,30,40,51,01,11,21,31,41,52,02,12,22,32,42,53,03,13,23,33,43,54,04,14,24,34,44,55,05,15,25,35,45,56,06,16,26,36,46,57,07,17,27,37,47,58,08,18,28,38,48,59,09,19,29,39,49,510,010,110,210,310,410,511,011,111,211,311,411,512,012,112,212,312,412,513,013,113,213,313,413,514,014,114,214,314,414,515,015,115,215,315,415,516,016,116,216,316,416,517,017,117,217,317,417,518,018,118,218,318,418,519,019,119,219,319,419,520,020,120,220,320,420,521,021,121,221,321,421,522,022,122,222,322,422,523,023,123,223,323,423,524,024,124,224,324,424,525,025,125,225,325,425,526,026,126,226,326,426,527,027,127,227,327,427,528,028,128,228,328,428,529,029,129,229,329,429,530,030,130,230,330,430,531,031,131,231,331,431,532,032,132,232,332,432,533,033,133,233,333,433,534,034,134,234,334,434,535,035,135,235,335,435,536,036,136,236,336,436,537,037,137,237,337,437,5
Passenger  First Name: f  Last Name: f  Seats: ['13B']
}

Reservation {
Confirmation Number: z0stHW
Flight  Departure Date: 0  Arrival Date5.916666666666667  Flight ID: 15398  Airline: UA  Number: 6100  Origin: San Diego International Airport, San Diego (SAN)  Destination: Los Angeles International Airport, Los Angeles (LAX)  Departure Time: 2020-05-28 13:00:00  Arrival Time: 2020-05-28 13:55:00  Booked Seats: 0,00,10,20,30,40,51,01,11,21,31,41,52,02,12,22,32,42,53,03,13,23,33,43,54,04,14,24,34,44,55,05,15,25,35,45,56,06,16,26,36,46,57,07,17,27,37,47,58,08,18,28,38,48,59,09,19,29,39,49,510,010,110,210,310,410,511,011,111,211,311,411,512,012,112,212,312,412,513,013,113,213,313,413,514,014,114,214,314,414,515,015,115,215,315,415,516,016,116,216,316,416,517,017,117,217,317,417,518,018,118,218,318,418,519,019,119,219,319,419,520,020,120,220,320,420,521,021,121,221,321,421,522,022,122,222,322,422,523,023,123,223,323,423,524,024,124,224,324,424,525,025,125,225,325,425,526,026,126,226,326,426,527,027,127,227,327,427,528,028,128,228,328,428,529,029,129,229,329,429,530,030,130,230,330,430,531,031,131,231,331,431,532,032,132,232,332,432,533,033,133,233,333,433,534,034,134,234,334,434,535,035,135,235,335,435,536,036,136,236,336,436,537,037,137,237,337,437,5
Passenger  First Name: f  Last Name: f  Seats: ['13B']
}

Reservation {
Confirmation Number: z0stHW
Flight  Departure Date: 0  Arrival Date5.916666666666667  Flight ID: 15398  Airline: UA  Number: 6100  Origin: San Diego International Airport, San Diego (SAN)  Destination: Los Angeles International Airport, Los Angeles (LAX)  Departure Time: 2020-05-28 13:00:00  Arrival Time: 2020-05-28 13:55:00  Booked Seats: 0,00,10,20,30,40,51,01,11,21,31,41,52,02,12,22,32,42,53,03,13,23,33,43,54,04,14,24,34,44,55,05,15,25,35,45,56,06,16,26,36,46,57,07,17,27,37,47,58,08,18,28,38,48,59,09,19,29,39,49,510,010,110,210,310,410,511,011,111,211,311,411,512,012,112,212,312,412,513,013,113,213,313,413,514,014,114,214,314,414,515,015,115,215,315,415,516,016,116,216,316,416,517,017,117,217,317,417,518,018,118,218,318,418,519,019,119,219,319,419,520,020,120,220,320,420,521,021,121,221,321,421,522,022,122,222,322,422,523,023,123,223,323,423,524,024,124,224,324,424,525,025,125,225,325,425,526,026,126,226,326,426,527,027,127,227,327,427,528,028,128,228,328,428,529,029,129,229,329,429,530,030,130,230,330,430,531,031,131,231,331,431,532,032,132,232,332,432,533,033,133,233,333,433,534,034,134,234,334,434,535,035,135,235,335,435,536,036,136,236,336,436,537,037,137,237,337,437,5
Passenger  First Name: f  Last Name: f  Seats: ['13B']
}

Reservation {
Confirmation Number: z0stHW
Flight  Departure Date: 0  Arrival Date5.916666666666667  Flight ID: 15398  Airline: UA  Number: 6100  Origin: San Diego International Airport, San Diego (SAN)  Destination: Los Angeles International Airport, Los Angeles (LAX)  Departure Time: 2020-05-28 13:00:00  Arrival Time: 2020-05-28 13:55:00  Booked Seats: 0,00,10,20,30,40,51,01,11,21,31,41,52,02,12,22,32,42,53,03,13,23,33,43,54,04,14,24,34,44,55,05,15,25,35,45,56,06,16,26,36,46,57,07,17,27,37,47,58,08,18,28,38,48,59,09,19,29,39,49,510,010,110,210,310,410,511,011,111,211,311,411,512,012,112,212,312,412,513,013,113,213,313,413,514,014,114,214,314,414,515,015,115,215,315,415,516,016,116,216,316,416,517,017,117,217,317,417,518,018,118,218,318,418,519,019,119,219,319,419,520,020,120,220,320,420,521,021,121,221,321,421,522,022,122,222,322,422,523,023,123,223,323,423,524,024,124,224,324,424,525,025,125,225,325,425,526,026,126,226,326,426,527,027,127,227,327,427,528,028,128,228,328,428,529,029,129,229,329,429,530,030,130,230,330,430,531,031,131,231,331,431,532,032,132,232,332,432,533,033,133,233,333,433,534,034,134,234,334,434,535,035,135,235,335,435,536,036,136,236,336,436,537,037,137,237,337,437,5
Passenger  First Name: f  Last Name: f  Seats: ['13B']
}

Reservation {
Confirmation Number: z0stHW
Flight  Departure Date: 0  Arrival Date5.916666666666667  Flight ID: 15398  Airline: UA  Number: 6100  Origin: San Diego International Airport, San Diego (SAN)  Destination: Los Angeles International Airport, Los Angeles (LAX)  Departure Time: 2020-05-28 13:00:00  Arrival Time: 2020-05-28 13:55:00  Booked Seats: 0,00,10,20,30,40,51,01,11,21,31,41,52,02,12,22,32,42,53,03,13,23,33,43,54,04,14,24,34,44,55,05,15,25,35,45,56,06,16,26,36,46,57,07,17,27,37,47,58,08,18,28,38,48,59,09,19,29,39,49,510,010,110,210,310,410,511,011,111,211,311,411,512,012,112,212,312,412,513,013,113,213,313,413,514,014,114,214,314,414,515,015,115,215,315,415,516,016,116,216,316,416,517,017,117,217,317,417,518,018,118,218,318,418,519,019,119,219,319,419,520,020,120,220,320,420,521,021,121,221,321,421,522,022,122,222,322,422,523,023,123,223,323,423,524,024,124,224,324,424,525,025,125,225,325,425,526,026,126,226,326,426,527,027,127,227,327,427,528,028,128,228,328,428,529,029,129,229,329,429,530,030,130,230,330,430,531,031,131,231,331,431,532,032,132,232,332,432,533,033,133,233,333,433,534,034,134,234,334,434,535,035,135,235,335,435,536,036,136,236,336,436,537,037,137,237,337,437,5
Passenger  First Name: f  Last Name: f  Seats: ['13B']
}

